LabVIEW Measurement	
Writer_Version	2
Reader_Version	2
Separator	Tab
Decimal_Separator	.
Multi_Headings	Yes
X_Columns	One
Time_Pref	Absolute
Operator	labuser
Date	2019/05/16
Time	10:53:58.158709024999919809
***End_of_Header***	
	
Channels	1	
Samples	1500	
Date	2019/05/16	
Time	10:57:42.1101019249999449775	
Y_Unit_Label	Volts	
X_Dimension	Time	
X0	0.0000000000000000E+0	
Delta_X	0.003333	
***End_of_Header***		
X_Value	Voltage	Comment
0.000000	1.637406
0.003333	1.651736
0.006667	1.655876
0.010000	1.650144
0.013333	1.628489
0.016667	1.657787
0.020000	1.655558
0.023333	1.621164
0.026667	1.652692
0.030000	1.607471
0.033333	1.680079
0.036667	1.614477
0.040000	1.665111
0.043333	1.663519
0.046667	1.646004
0.050000	1.609381
0.053333	1.658105
0.056667	1.658105
0.060000	1.654284
0.063333	1.588682
0.066666	1.669251
0.070000	1.650781
0.073333	1.617343
0.076666	1.655239
0.080000	1.648552
0.083333	1.677850
0.086666	1.629126
0.090000	1.631673
0.093333	1.597280
0.096666	1.642819
0.100000	1.655876
0.103333	1.652692
0.106666	1.643138
0.110000	1.653647
0.113333	1.671799
0.116666	1.628807
0.120000	1.615751
0.123333	1.653965
0.126666	1.656831
0.130000	1.642501
0.133333	1.639953
0.136666	1.622438
0.140000	1.637087
0.143333	1.665748
0.146666	1.660653
0.150000	1.644093
0.153333	1.652373
0.156666	1.582949
0.160000	1.653010
0.163333	1.645685
0.166666	1.648233
0.170000	1.609700
0.173333	1.659379
0.176666	1.665748
0.180000	1.647278
0.183333	1.660334
0.186666	1.653010
0.190000	1.657468
0.193333	1.657150
0.196666	1.600146
0.199999	1.637406
0.203333	1.666067
0.206666	1.610337
0.209999	1.653010
0.213333	1.616069
0.216666	1.638679
0.219999	1.645049
0.223333	1.656513
0.226666	1.641546
0.229999	1.653647
0.233333	1.637406
0.236666	1.672436
0.239999	1.661608
0.243333	1.658424
0.246666	1.598872
0.249999	1.652055
0.253333	1.639953
0.256666	1.661608
0.259999	1.616387
0.263333	1.670207
0.266666	1.649825
0.269999	1.687085
0.273333	1.624030
0.276666	1.632629
0.279999	1.641227
0.283333	1.622120
0.286666	1.669570
0.289999	1.654602
0.293333	1.671799
0.296666	1.654284
0.299999	1.642501
0.303333	1.670525
0.306666	1.661927
0.309999	1.610655
0.313333	1.625623
0.316666	1.652692
0.319999	1.649825
0.323333	1.638043
0.326666	1.652055
0.329999	1.655239
0.333332	1.658742
0.336666	1.659379
0.339999	1.646322
0.343332	1.618935
0.346666	1.606197
0.349999	1.641864
0.353332	1.653647
0.356666	1.655558
0.359999	1.652055
0.363332	1.652692
0.366666	1.651736
0.369999	1.639953
0.373332	1.645685
0.376666	1.660971
0.379999	1.676894
0.383332	1.667022
0.386666	1.658742
0.389999	1.648870
0.393332	1.668296
0.396666	1.647596
0.399999	1.652055
0.403332	1.622438
0.406666	1.653328
0.409999	1.652692
0.413332	1.618617
0.416666	1.661927
0.419999	1.650462
0.423332	1.622757
0.426666	1.649189
0.429999	1.628170
0.433332	1.646641
0.436666	1.656831
0.439999	1.643138
0.443332	1.647596
0.446666	1.655558
0.449999	1.651736
0.453332	1.637724
0.456666	1.666067
0.459999	1.640909
0.463332	1.638361
0.466665	1.646322
0.469999	1.664793
0.473332	1.658742
0.476665	1.634221
0.479999	1.674028
0.483332	1.655239
0.486665	1.633584
0.489999	1.656831
0.493332	1.635495
0.496665	1.646322
0.499999	1.596643
0.503332	1.635813
0.506665	1.658424
0.509999	1.672436
0.513332	1.658742
0.516665	1.657787
0.519999	1.671799
0.523332	1.627533
0.526665	1.671162
0.529999	1.637724
0.533332	1.664474
0.536665	1.649825
0.539999	1.623075
0.543332	1.646641
0.546665	1.627533
0.549999	1.638679
0.553332	1.651418
0.556665	1.671799
0.559999	1.628170
0.563332	1.661290
0.566665	1.656513
0.569999	1.650144
0.573332	1.656513
0.576665	1.625304
0.579999	1.655239
0.583332	1.644730
0.586665	1.667022
0.589999	1.643456
0.593332	1.646641
0.596665	1.601738
0.599998	1.643138
0.603332	1.652692
0.606665	1.653328
0.609998	1.621483
0.613332	1.631992
0.616665	1.642501
0.619998	1.660653
0.623332	1.668614
0.626665	1.649189
0.629998	1.665111
0.633332	1.579446
0.636665	1.646004
0.639998	1.647915
0.643332	1.636132
0.646665	1.648552
0.649998	1.608108
0.653332	1.667659
0.656665	1.604923
0.659998	1.601101
0.663332	1.584542
0.666665	1.667977
0.669998	1.642182
0.673332	1.667341
0.676665	1.652055
0.679998	1.625304
0.683332	1.618298
0.686665	1.673391
0.689998	1.659061
0.693332	1.653647
0.696665	1.664156
0.699998	1.636450
0.703332	1.660016
0.706665	1.654602
0.709998	1.561613
0.713332	1.642182
0.716665	1.640909
0.719998	1.648870
0.723332	1.668614
0.726665	1.645367
0.729998	1.657468
0.733331	1.658742
0.736665	1.631036
0.739998	1.627852
0.743331	1.657787
0.746665	1.644412
0.749998	1.660334
0.753331	1.661290
0.756665	1.601738
0.759998	1.631036
0.763331	1.637087
0.766665	1.604286
0.769998	1.633266
0.773331	1.593140
0.776665	1.631355
0.779998	1.623712
0.783331	1.609063
0.786665	1.637087
0.789998	1.651418
0.793331	1.631355
0.796665	1.661927
0.799998	1.653010
0.803331	1.645049
0.806665	1.666067
0.809998	1.649825
0.813331	1.658742
0.816665	1.603649
0.819998	1.653010
0.823331	1.653010
0.826665	1.632947
0.829998	1.659698
0.833331	1.602694
0.836665	1.645367
0.839998	1.629763
0.843331	1.659698
0.846665	1.628807
0.849998	1.647596
0.853331	1.660971
0.856665	1.588045
0.859998	1.631036
0.863331	1.655239
0.866664	1.666385
0.869998	1.618935
0.873331	1.668614
0.876664	1.664474
0.879998	1.660016
0.883331	1.665430
0.886664	1.650781
0.889998	1.628489
0.893331	1.672436
0.896664	1.660653
0.899998	1.634539
0.903331	1.600146
0.906664	1.651099
0.909998	1.653328
0.913331	1.651099
0.916664	1.648552
0.919998	1.587089
0.923331	1.666385
0.926664	1.653010
0.929998	1.609700
0.933331	1.647596
0.936664	1.650781
0.939998	1.685174
0.943331	1.659379
0.946664	1.674347
0.949998	1.605560
0.953331	1.659698
0.956664	1.657150
0.959998	1.549193
0.963331	1.674028
0.966664	1.627533
0.969998	1.631673
0.973331	1.633266
0.976664	1.658742
0.979998	1.632310
0.983331	1.636450
0.986664	1.653010
0.989998	1.643775
0.993331	1.652692
0.996664	1.612566
0.999997	1.602057
1.003331	1.651418
1.006664	1.650144
1.009997	1.640272
1.013331	1.625941
1.016664	1.661927
1.019997	1.648870
1.023331	1.645685
1.026664	1.646959
1.029997	1.666067
1.033331	1.625623
1.036664	1.676257
1.039997	1.582313
1.043331	1.661608
1.046664	1.658742
1.049997	1.593459
1.053331	1.655876
1.056664	1.653965
1.059997	1.632310
1.063331	1.660016
1.066664	1.666385
1.069997	1.640590
1.073331	1.651736
1.076664	1.654602
1.079997	1.641546
1.083331	1.636132
1.086664	1.648870
1.089997	1.659379
1.093331	1.647596
1.096664	1.632947
1.099997	1.645049
1.103331	1.644730
1.106664	1.645685
1.109997	1.643138
1.113331	1.659061
1.116664	1.645367
1.119997	1.647278
1.123331	1.621164
1.126664	1.660334
1.129997	1.661290
1.133331	1.652055
1.136664	1.629126
1.139997	1.657787
1.143330	1.678168
1.146664	1.639635
1.149997	1.632947
1.153330	1.626578
1.156664	1.651736
1.159997	1.615751
1.163330	1.631673
1.166664	1.647278
1.169997	1.626260
1.173330	1.653010
1.176664	1.613203
1.179997	1.639953
1.183330	1.653965
1.186664	1.622757
1.189997	1.666067
1.193330	1.643775
1.196664	1.662882
1.199997	1.648870
1.203330	1.650781
1.206664	1.634858
1.209997	1.661927
1.213330	1.650781
1.216664	1.670844
1.219997	1.619254
1.223330	1.662882
1.226664	1.662564
1.229997	1.630081
1.233330	1.633584
1.236664	1.630081
1.239997	1.580720
1.243330	1.654602
1.246664	1.647915
1.249997	1.614477
1.253330	1.661608
1.256664	1.643456
1.259997	1.646322
1.263330	1.631992
1.266663	1.662564
1.269997	1.617980
1.273330	1.663838
1.276663	1.652055
1.279997	1.658105
1.283330	1.659698
1.286663	1.639953
1.289997	1.636450
1.293330	1.671799
1.296663	1.658105
1.299997	1.652692
1.303330	1.658742
1.306663	1.661290
1.309997	1.591548
1.313330	1.654921
1.316663	1.629126
1.319997	1.662245
1.323330	1.602694
1.326663	1.649507
1.329997	1.645367
1.333330	1.643138
1.336663	1.623393
1.339997	1.656831
1.343330	1.665111
1.346663	1.669251
1.349997	1.639953
1.353330	1.652692
1.356663	1.615751
1.359997	1.661608
1.363330	1.634539
1.366663	1.664793
1.369997	1.656195
1.373330	1.617980
1.376663	1.626260
1.379997	1.604923
1.383330	1.654602
1.386663	1.670844
1.389997	1.663838
1.393330	1.653965
1.396663	1.654921
1.399996	1.648233
1.403330	1.662882
1.406663	1.632629
1.409996	1.663838
1.413330	1.663519
1.416663	1.654921
1.419996	1.655239
1.423330	1.628807
1.426663	1.621483
1.429996	1.669251
1.433330	1.647596
1.436663	1.622757
1.439996	1.618617
1.443330	1.666067
1.446663	1.603649
1.449996	1.603012
1.453330	1.660016
1.456663	1.646322
1.459996	1.676576
1.463330	1.645685
1.466663	1.537729
1.469996	1.667022
1.473330	1.674028
1.476663	1.658424
1.479996	1.660016
1.483330	1.653010
1.486663	1.632947
1.489996	1.664156
1.493330	1.653328
1.496663	1.661290
1.499996	1.624349
1.503330	1.620527
1.506663	1.627533
1.509996	1.661608
1.513330	1.653010
1.516663	1.658742
1.519996	1.659379
1.523330	1.631992
1.526663	1.686766
1.529996	1.645049
1.533330	1.665430
1.536663	1.652692
1.539996	1.615751
1.543329	1.579128
1.546663	1.644093
1.549996	1.657468
1.553329	1.649507
1.556663	1.650781
1.559996	1.663838
1.563329	1.638361
1.566663	1.651099
1.569996	1.656831
1.573329	1.662882
1.576663	1.625304
1.579996	1.655876
1.583329	1.633584
1.586663	1.597280
1.589996	1.657150
1.593329	1.650781
1.596663	1.638679
1.599996	1.653328
1.603329	1.666704
1.606663	1.630718
1.609996	1.640590
1.613329	1.664156
1.616663	1.656831
1.619996	1.604286
1.623329	1.634858
1.626663	1.640272
1.629996	1.639316
1.633329	1.649825
1.636663	1.603012
1.639996	1.668296
1.643329	1.659698
1.646663	1.659379
1.649996	1.609381
1.653329	1.657468
1.656663	1.650781
1.659996	1.659698
1.663329	1.667022
1.666662	1.630400
1.669996	1.642182
1.673329	1.660334
1.676662	1.656831
1.679996	1.643138
1.683329	1.619254
1.686662	1.664156
1.689996	1.657787
1.693329	1.591866
1.696662	1.616387
1.699996	1.663519
1.703329	1.669888
1.706662	1.660334
1.709996	1.674347
1.713329	1.656513
1.716662	1.654921
1.719996	1.659061
1.723329	1.680716
1.726662	1.661290
1.729996	1.635176
1.733329	1.644412
1.736662	1.657468
1.739996	1.609700
1.743329	1.646641
1.746662	1.660334
1.749996	1.644412
1.753329	1.642182
1.756662	1.663519
1.759996	1.621801
1.763329	1.645049
1.766662	1.645367
1.769996	1.661927
1.773329	1.652692
1.776662	1.631355
1.779996	1.662882
1.783329	1.659061
1.786662	1.650144
1.789996	1.635176
1.793329	1.652055
1.796662	1.620209
1.799995	1.656831
1.803329	1.662882
1.806662	1.659061
1.809995	1.632310
1.813329	1.679123
1.816662	1.639635
1.819995	1.669251
1.823329	1.623712
1.826662	1.661290
1.829995	1.642819
1.833329	1.652055
1.836662	1.620846
1.839995	1.645685
1.843329	1.636450
1.846662	1.667977
1.849995	1.665430
1.853329	1.608426
1.856662	1.631355
1.859995	1.660971
1.863329	1.623393
1.866662	1.602694
1.869995	1.653010
1.873329	1.655558
1.876662	1.658105
1.879995	1.618298
1.883329	1.671480
1.886662	1.663201
1.889995	1.693136
1.893329	1.665748
1.896662	1.663519
1.899995	1.652373
1.903329	1.610655
1.906662	1.657787
1.909995	1.663519
1.913329	1.653647
1.916662	1.659379
1.919995	1.650781
1.923329	1.658105
1.926662	1.653647
1.929995	1.660653
1.933329	1.662882
1.936662	1.655239
1.939995	1.654602
1.943328	1.653010
1.946662	1.628170
1.949995	1.662882
1.953328	1.661290
1.956662	1.601420
1.959995	1.635495
1.963328	1.615114
1.966662	1.637406
1.969995	1.639635
1.973328	1.597598
1.976662	1.614795
1.979995	1.653328
1.983328	1.628489
1.986662	1.650462
1.989995	1.609381
1.993328	1.656831
1.996662	1.666385
1.999995	1.651736
2.003328	1.595051
2.006662	1.618935
2.009995	1.673710
2.013328	1.618298
2.016662	1.654602
2.019995	1.648552
2.023328	1.665748
2.026662	1.613521
2.029995	1.661927
2.033328	1.660971
2.036662	1.587726
2.039995	1.652373
2.043328	1.638679
2.046662	1.627852
2.049995	1.650144
2.053328	1.654602
2.056662	1.612247
2.059995	1.655558
2.063328	1.641227
2.066661	1.570211
2.069995	1.638998
2.073328	1.544416
2.076661	1.660653
2.079995	1.644412
2.083328	1.654602
2.086661	1.622120
2.089995	1.653328
2.093328	1.624667
2.096661	1.601101
2.099995	1.659379
2.103328	1.601738
2.106661	1.657468
2.109995	1.656513
2.113328	1.651418
2.116661	1.639953
2.119995	1.649507
2.123328	1.648552
2.126661	1.650781
2.129995	1.648870
2.133328	1.613840
2.136661	1.638361
2.139995	1.662245
2.143328	1.662245
2.146661	1.652055
2.149995	1.638998
2.153328	1.652692
2.156661	1.639635
2.159995	1.670525
2.163328	1.644412
2.166661	1.657150
2.169995	1.627533
2.173328	1.644093
2.176661	1.632310
2.179995	1.658105
2.183328	1.669570
2.186661	1.672117
2.189995	1.666385
2.193328	1.646004
2.196661	1.647596
2.199994	1.655876
2.203328	1.646959
2.206661	1.638043
2.209994	1.634221
2.213328	1.658424
2.216661	1.633266
2.219994	1.630400
2.223328	1.634539
2.226661	1.653010
2.229994	1.633266
2.233328	1.623393
2.236661	1.639635
2.239994	1.648552
2.243328	1.653010
2.246661	1.667341
2.249994	1.671799
2.253328	1.654284
2.256661	1.639953
2.259994	1.625623
2.263328	1.655239
2.266661	1.645685
2.269994	1.635813
2.273328	1.644412
2.276661	1.639635
2.279994	1.665430
2.283328	1.666067
2.286661	1.631355
2.289994	1.659698
2.293328	1.650781
2.296661	1.613840
2.299994	1.643775
2.303328	1.583268
2.306661	1.633266
2.309994	1.661290
2.313328	1.594732
2.316661	1.631673
2.319994	1.658742
2.323328	1.656831
2.326661	1.645049
2.329994	1.671799
2.333327	1.660653
2.336661	1.662882
2.339994	1.633266
2.343327	1.633903
2.346661	1.633584
2.349994	1.660334
2.353327	1.638361
2.356661	1.652373
2.359994	1.641864
2.363327	1.617980
2.366661	1.660334
2.369994	1.659061
2.373327	1.665111
2.376661	1.671799
2.379994	1.657787
2.383327	1.594732
2.386661	1.664793
2.389994	1.673073
2.393327	1.660653
2.396661	1.654602
2.399994	1.625941
2.403327	1.642182
2.406661	1.636132
2.409994	1.612884
2.413327	1.623075
2.416661	1.643775
2.419994	1.653328
2.423327	1.645367
2.426661	1.590592
2.429994	1.663201
2.433327	1.651099
2.436661	1.630081
2.439994	1.655876
2.443327	1.661927
2.446661	1.606197
2.449994	1.600465
2.453327	1.641227
2.456661	1.658105
2.459994	1.614477
2.463327	1.669570
2.466660	1.655558
2.469994	1.661608
2.473327	1.642819
2.476660	1.630081
2.479994	1.639316
2.483327	1.632947
2.486660	1.649189
2.489994	1.596325
2.493327	1.613203
2.496660	1.630718
2.499994	1.648233
2.503327	1.642819
2.506660	1.653328
2.509994	1.576580
2.513327	1.672436
2.516660	1.656831
2.519994	1.665111
2.523327	1.653965
2.526660	1.674347
2.529994	1.663519
2.533327	1.660971
2.536660	1.651099
2.539994	1.658742
2.543327	1.646004
2.546660	1.650144
2.549994	1.665430
2.553327	1.622120
2.556660	1.648552
2.559994	1.618298
2.563327	1.648870
2.566660	1.626260
2.569994	1.639635
2.573327	1.651418
2.576660	1.663519
2.579994	1.659698
2.583327	1.641864
2.586660	1.637087
2.589994	1.650781
2.593327	1.664793
2.596660	1.664156
2.599994	1.662882
2.603327	1.621483
2.606660	1.644093
2.609993	1.648552
2.613327	1.570848
2.616660	1.654602
2.619993	1.675939
2.623327	1.647596
2.626660	1.654284
2.629993	1.653328
2.633327	1.664793
2.636660	1.652692
2.639993	1.652055
2.643327	1.646322
2.646660	1.666067
2.649993	1.636450
2.653327	1.643456
2.656660	1.646959
2.659993	1.620527
2.663327	1.666067
2.666660	1.661927
2.669993	1.659061
2.673327	1.663838
2.676660	1.609063
2.679993	1.647596
2.683327	1.623075
2.686660	1.665111
2.689993	1.639316
2.693327	1.650781
2.696660	1.652692
2.699993	1.636450
2.703327	1.607471
2.706660	1.620846
2.709993	1.651418
2.713327	1.639953
2.716660	1.621483
2.719993	1.641546
2.723327	1.628489
2.726660	1.638679
2.729993	1.619890
2.733326	1.655239
2.736660	1.641864
2.739993	1.646322
2.743326	1.661608
2.746660	1.640272
2.749993	1.653328
2.753326	1.657150
2.756660	1.615432
2.759993	1.629126
2.763326	1.657150
2.766660	1.642501
2.769993	1.653647
2.773326	1.612566
2.776660	1.655558
2.779993	1.662245
2.783326	1.650462
2.786660	1.630718
2.789993	1.660971
2.793326	1.663838
2.796660	1.671162
2.799993	1.596325
2.803326	1.623393
2.806660	1.608108
2.809993	1.653010
2.813326	1.658742
2.816660	1.581676
2.819993	1.657787
2.823326	1.650781
2.826660	1.650144
2.829993	1.651099
2.833326	1.661927
2.836660	1.620527
2.839993	1.662245
2.843326	1.667341
2.846660	1.577217
2.849993	1.671799
2.853326	1.629444
2.856660	1.662882
2.859993	1.609700
2.863326	1.660334
2.866659	1.661608
2.869993	1.630718
2.873326	1.590911
2.876659	1.656831
2.879993	1.673073
2.883326	1.616706
2.886659	1.634221
2.889993	1.644093
2.893326	1.649825
2.896659	1.646004
2.899993	1.662564
2.903326	1.638043
2.906659	1.669888
2.909993	1.623712
2.913326	1.661290
2.916659	1.646641
2.919993	1.643138
2.923326	1.657468
2.926659	1.665748
2.929993	1.671480
2.933326	1.639953
2.936659	1.673391
2.939993	1.654284
2.943326	1.667022
2.946659	1.610337
2.949993	1.630718
2.953326	1.607152
2.956659	1.667341
2.959993	1.597280
2.963326	1.653010
2.966659	1.618298
2.969993	1.613203
2.973326	1.611929
2.976659	1.662245
2.979993	1.651736
2.983326	1.644412
2.986659	1.660653
2.989993	1.666067
2.993326	1.617343
2.996659	1.591866
2.999992	1.668296
3.003326	1.660334
3.006659	1.637406
3.009992	1.656831
3.013326	1.657787
3.016659	1.671799
3.019992	1.663519
3.023326	1.641546
3.026659	1.655239
3.029992	1.634221
3.033326	1.654602
3.036659	1.630081
3.039992	1.647915
3.043326	1.674347
3.046659	1.661927
3.049992	1.642501
3.053326	1.672117
3.056659	1.640590
3.059992	1.646959
3.063326	1.621801
3.066659	1.656513
3.069992	1.670207
3.073326	1.645685
3.076659	1.631355
3.079992	1.656513
3.083326	1.668296
3.086659	1.651418
3.089992	1.627852
3.093326	1.624349
3.096659	1.654921
3.099992	1.648870
3.103326	1.669888
3.106659	1.643138
3.109992	1.652055
3.113326	1.667977
3.116659	1.658742
3.119992	1.654284
3.123326	1.645685
3.126659	1.621164
3.129992	1.641864
3.133325	1.649189
3.136659	1.595051
3.139992	1.664156
3.143325	1.650781
3.146659	1.629763
3.149992	1.657150
3.153325	1.666067
3.156659	1.657787
3.159992	1.593777
3.163325	1.645049
3.166659	1.644730
3.169992	1.621164
3.173325	1.632947
3.176659	1.603012
3.179992	1.646959
3.183325	1.657150
3.186659	1.671799
3.189992	1.664474
3.193325	1.636132
3.196659	1.583905
3.199992	1.670844
3.203325	1.571485
3.206659	1.660016
3.209992	1.618935
3.213325	1.651099
3.216659	1.641227
3.219992	1.652055
3.223325	1.679442
3.226659	1.647278
3.229992	1.655239
3.233325	1.655876
3.236659	1.646322
3.239992	1.639635
3.243325	1.652692
3.246659	1.629444
3.249992	1.625623
3.253325	1.642819
3.256659	1.653010
3.259992	1.657150
3.263325	1.693454
3.266658	1.659698
3.269992	1.649507
3.273325	1.648870
3.276658	1.635813
3.279992	1.626897
3.283325	1.652373
3.286658	1.659698
3.289992	1.619572
3.293325	1.639316
3.296658	1.648870
3.299992	1.624349
3.303325	1.646322
3.306658	1.661608
3.309992	1.616706
3.313325	1.658105
3.316658	1.666067
3.319992	1.666385
3.323325	1.650462
3.326658	1.588363
3.329992	1.650781
3.333325	1.629763
3.336658	1.651418
3.339992	1.661290
3.343325	1.663519
3.346658	1.632629
3.349992	1.657787
3.353325	1.665430
3.356658	1.665430
3.359992	1.613203
3.363325	1.668933
3.366658	1.672436
3.369992	1.628170
3.373325	1.611929
3.376658	1.636769
3.379992	1.650462
3.383325	1.663519
3.386658	1.646959
3.389992	1.657468
3.393325	1.661927
3.396658	1.654284
3.399991	1.644412
3.403325	1.657787
3.406658	1.603331
3.409991	1.645367
3.413325	1.671480
3.416658	1.629444
3.419991	1.617980
3.423325	1.633266
3.426658	1.670844
3.429991	1.645049
3.433325	1.654921
3.436658	1.620846
3.439991	1.673391
3.443325	1.658742
3.446658	1.675939
3.449991	1.636450
3.453325	1.635495
3.456658	1.660971
3.459991	1.664793
3.463325	1.635813
3.466658	1.634858
3.469991	1.644093
3.473325	1.659698
3.476658	1.596962
3.479991	1.653965
3.483325	1.664474
3.486658	1.639635
3.489991	1.636132
3.493325	1.643456
3.496658	1.650144
3.499991	1.672117
3.503325	1.670525
3.506658	1.666067
3.509991	1.652055
3.513325	1.635813
3.516658	1.618935
3.519991	1.607152
3.523325	1.651418
3.526658	1.670844
3.529991	1.637406
3.533324	1.660653
3.536658	1.665111
3.539991	1.660653
3.543324	1.647278
3.546658	1.655876
3.549991	1.621801
3.553324	1.654921
3.556658	1.613840
3.559991	1.660334
3.563324	1.649507
3.566658	1.657150
3.569991	1.641227
3.573324	1.645685
3.576658	1.657150
3.579991	1.649507
3.583324	1.637087
3.586658	1.649825
3.589991	1.664156
3.593324	1.652692
3.596658	1.653965
3.599991	1.664156
3.603324	1.625304
3.606658	1.646959
3.609991	1.620846
3.613324	1.630718
3.616658	1.626260
3.619991	1.609063
3.623324	1.606834
3.626658	1.614477
3.629991	1.625623
3.633324	1.655239
3.636658	1.596643
3.639991	1.657787
3.643324	1.599509
3.646658	1.641227
3.649991	1.644093
3.653324	1.644412
3.656658	1.658105
3.659991	1.650462
3.663324	1.659061
3.666657	1.667659
3.669991	1.654602
3.673324	1.653328
3.676657	1.657787
3.679991	1.668614
3.683324	1.649825
3.686657	1.649825
3.689991	1.643138
3.693324	1.635176
3.696657	1.637724
3.699991	1.664793
3.703324	1.611292
3.706657	1.648552
3.709991	1.652373
3.713324	1.660016
3.716657	1.653328
3.719991	1.637406
3.723324	1.657468
3.726657	1.659379
3.729991	1.648870
3.733324	1.613521
3.736657	1.658105
3.739991	1.672117
3.743324	1.631673
3.746657	1.670844
3.749991	1.599191
3.753324	1.667341
3.756657	1.646959
3.759991	1.655876
3.763324	1.625623
3.766657	1.633584
3.769991	1.640909
3.773324	1.667659
3.776657	1.589000
3.779991	1.654602
3.783324	1.652373
3.786657	1.590592
3.789991	1.653328
3.793324	1.660334
3.796657	1.646641
3.799990	1.651099
3.803324	1.657787
3.806657	1.639316
3.809990	1.648870
3.813324	1.580083
3.816657	1.626897
3.819990	1.626260
3.823324	1.653010
3.826657	1.655239
3.829990	1.672436
3.833324	1.663201
3.836657	1.654602
3.839990	1.645367
3.843324	1.640590
3.846657	1.639316
3.849990	1.594095
3.853324	1.645367
3.856657	1.628170
3.859990	1.667977
3.863324	1.642182
3.866657	1.652055
3.869990	1.650781
3.873324	1.638361
3.876657	1.593777
3.879990	1.668296
3.883324	1.638361
3.886657	1.639953
3.889990	1.584860
3.893324	1.661927
3.896657	1.659379
3.899990	1.640909
3.903324	1.621801
3.906657	1.667341
3.909990	1.650781
3.913324	1.637406
3.916657	1.652373
3.919990	1.626578
3.923324	1.660016
3.926657	1.652692
3.929990	1.655558
3.933323	1.669570
3.936657	1.591548
3.939990	1.579446
3.943323	1.657150
3.946657	1.638043
3.949990	1.669888
3.953323	1.615114
3.956657	1.666067
3.959990	1.641864
3.963323	1.641864
3.966657	1.655558
3.969990	1.665111
3.973323	1.626260
3.976657	1.635813
3.979990	1.674665
3.983323	1.649507
3.986657	1.663838
3.989990	1.670525
3.993323	1.638679
3.996657	1.660016
3.999990	1.657787
4.003323	1.656831
4.006657	1.663519
4.009990	1.630081
4.013323	1.658424
4.016657	1.630081
4.019990	1.671480
4.023323	1.658105
4.026657	1.644412
4.029990	1.642182
4.033323	1.623712
4.036657	1.678805
4.039990	1.570848
4.043323	1.652692
4.046657	1.574033
4.049990	1.666704
4.053323	1.641864
4.056657	1.651736
4.059990	1.642501
4.063323	1.666704
4.066656	1.651418
4.069990	1.640272
4.073323	1.650144
4.076656	1.649189
4.079990	1.653647
4.083323	1.661290
4.086656	1.606197
4.089990	1.662882
4.093323	1.663519
4.096656	1.630400
4.099990	1.611611
4.103323	1.659061
4.106656	1.675939
4.109990	1.631673
4.113323	1.589319
4.116656	1.667659
4.119990	1.680079
4.123323	1.644412
4.126656	1.617343
4.129990	1.649825
4.133323	1.628807
4.136656	1.647596
4.139990	1.630718
4.143323	1.609381
4.146656	1.671162
4.149990	1.649189
4.153323	1.617980
4.156656	1.668296
4.159990	1.591866
4.163323	1.569256
4.166656	1.578491
4.169990	1.658105
4.173323	1.685811
4.176656	1.659379
4.179990	1.666385
4.183323	1.643456
4.186656	1.672436
4.189990	1.631355
4.193323	1.666385
4.196656	1.626260
4.199990	1.643456
4.203323	1.624986
4.206656	1.671480
4.209989	1.626897
4.213323	1.669251
4.216656	1.617661
4.219989	1.632310
4.223323	1.619254
4.226656	1.672436
4.229989	1.649825
4.233323	1.620527
4.236656	1.684537
4.239989	1.651736
4.243323	1.650462
4.246656	1.652373
4.249989	1.628489
4.253323	1.655239
4.256656	1.619572
4.259989	1.673073
4.263323	1.672754
4.266656	1.599191
4.269989	1.655239
4.273323	1.652692
4.276656	1.605560
4.279989	1.649507
4.283323	1.577854
4.286656	1.640272
4.289989	1.656513
4.293323	1.615751
4.296656	1.670844
4.299989	1.658742
4.303323	1.666067
4.306656	1.660016
4.309989	1.605560
4.313323	1.650781
4.316656	1.630400
4.319989	1.655876
4.323323	1.643775
4.326656	1.642501
4.329989	1.605878
4.333322	1.652692
4.336656	1.661927
4.339989	1.660334
4.343322	1.684537
4.346656	1.651418
4.349989	1.651736
4.353322	1.635495
4.356656	1.656513
4.359989	1.574351
4.363322	1.620846
4.366656	1.645367
4.369989	1.641227
4.373322	1.640909
4.376656	1.636132
4.379989	1.633584
4.383322	1.641227
4.386656	1.664474
4.389989	1.667341
4.393322	1.638679
4.396656	1.659061
4.399989	1.650462
4.403322	1.660653
4.406656	1.647915
4.409989	1.632310
4.413322	1.663201
4.416656	1.660016
4.419989	1.634221
4.423322	1.652373
4.426656	1.665111
4.429989	1.663201
4.433322	1.654284
4.436656	1.650462
4.439989	1.663519
4.443322	1.659061
4.446656	1.611929
4.449989	1.611929
4.453322	1.669570
4.456656	1.631673
4.459989	1.666704
4.463322	1.636450
4.466655	1.610018
4.469989	1.647915
4.473322	1.655558
4.476655	1.647596
4.479989	1.642182
4.483322	1.647915
4.486655	1.639953
4.489989	1.649507
4.493322	1.625304
4.496655	1.636132
4.499989	1.680716
4.503322	1.642819
4.506655	1.653647
4.509989	1.644730
4.513322	1.667341
4.516655	1.611929
4.519989	1.654602
4.523322	1.631992
4.526655	1.612566
4.529989	1.629763
4.533322	1.607789
4.536655	1.633266
4.539989	1.655876
4.543322	1.596962
4.546655	1.655876
4.549989	1.667022
4.553322	1.649825
4.556655	1.653328
4.559989	1.657787
4.563322	1.648870
4.566655	1.632629
4.569989	1.621483
4.573322	1.648233
4.576655	1.625941
4.579989	1.623393
4.583322	1.668933
4.586655	1.633903
4.589989	1.622120
4.593322	1.641864
4.596655	1.654602
4.599988	1.628807
4.603322	1.669888
4.606655	1.576899
4.609988	1.645685
4.613322	1.614158
4.616655	1.654284
4.619988	1.646959
4.623322	1.641227
4.626655	1.643775
4.629988	1.612247
4.633322	1.661927
4.636655	1.653965
4.639988	1.643456
4.643322	1.659061
4.646655	1.623075
4.649988	1.649507
4.653322	1.653647
4.656655	1.631036
4.659988	1.654284
4.663322	1.638043
4.666655	1.617024
4.669988	1.618617
4.673322	1.661608
4.676655	1.608744
4.679988	1.668614
4.683322	1.643456
4.686655	1.654284
4.689988	1.667977
4.693322	1.663519
4.696655	1.643456
4.699988	1.660334
4.703322	1.663201
4.706655	1.642182
4.709988	1.643138
4.713322	1.586452
4.716655	1.642182
4.719988	1.661290
4.723322	1.630718
4.726655	1.617980
4.729988	1.653328
4.733321	1.673710
4.736655	1.632947
4.739988	1.633584
4.743321	1.661608
4.746655	1.634221
4.749988	1.639953
4.753321	1.665111
4.756655	1.655239
4.759988	1.659698
4.763321	1.637087
4.766655	1.629126
4.769988	1.647278
4.773321	1.649189
4.776655	1.657787
4.779988	1.661290
4.783321	1.611292
4.786655	1.627533
4.789988	1.636769
4.793321	1.671480
4.796655	1.669888
4.799988	1.625304
4.803321	1.633903
4.806655	1.656195
4.809988	1.661608
4.813321	1.660016
4.816655	1.670207
4.819988	1.648552
4.823321	1.663838
4.826655	1.660971
4.829988	1.611929
4.833321	1.648552
4.836655	1.658742
4.839988	1.641227
4.843321	1.642819
4.846655	1.604923
4.849988	1.649507
4.853321	1.638361
4.856655	1.630718
4.859988	1.632629
4.863321	1.621483
4.866655	1.644093
4.869988	1.635495
4.873321	1.656513
4.876654	1.643138
4.879988	1.647596
4.883321	1.623712
4.886654	1.647278
4.889988	1.654602
4.893321	1.660016
4.896654	1.670525
4.899988	1.661290
4.903321	1.609063
4.906654	1.636450
4.909988	1.650462
4.913321	1.646004
4.916654	1.624030
4.919988	1.653328
4.923321	1.649189
4.926654	1.673391
4.929988	1.646004
4.933321	1.679442
4.936654	1.638998
4.939988	1.568300
4.943321	1.630081
4.946654	1.653010
4.949988	1.577536
4.953321	1.634858
4.956654	1.623712
4.959988	1.653328
4.963321	1.657468
4.966654	1.655239
4.969988	1.623075
4.973321	1.648870
4.976654	1.664793
4.979988	1.656831
4.983321	1.603012
4.986654	1.666385
4.989988	1.617024
4.993321	1.665430
4.996654	1.663519

