LabVIEW Measurement	
Writer_Version	2
Reader_Version	2
Separator	Tab
Decimal_Separator	.
Multi_Headings	Yes
X_Columns	One
Time_Pref	Absolute
Operator	labuser
Date	2019/05/16
Time	10:53:58.158709024999919809
***End_of_Header***	
	
Channels	1	
Samples	1500	
Date	2019/05/16	
Time	10:57:19.3728284249998089393	
Y_Unit_Label	Volts	
X_Dimension	Time	
X0	0.0000000000000000E+0	
Delta_X	0.003333	
***End_of_Header***		
X_Value	Voltage	Comment
0.000000	1.582631
0.003333	1.610018
0.006667	1.625623
0.010000	1.587726
0.013333	1.581676
0.016667	1.553970
0.020000	1.638043
0.023333	1.610337
0.026667	1.603649
0.030000	1.603012
0.033333	1.598872
0.036667	1.570848
0.040000	1.611292
0.043333	1.587408
0.046667	1.578810
0.050000	1.576899
0.053333	1.634539
0.056667	1.586452
0.060000	1.605241
0.063333	1.634221
0.066666	1.585816
0.070000	1.556518
0.073333	1.613840
0.076666	1.599509
0.080000	1.628489
0.083333	1.627533
0.086666	1.564797
0.090000	1.576580
0.093333	1.634221
0.096666	1.634858
0.100000	1.575943
0.103333	1.539639
0.106666	1.642819
0.110000	1.639635
0.113333	1.611929
0.116666	1.647596
0.120000	1.559702
0.123333	1.581357
0.126666	1.584542
0.130000	1.568300
0.133333	1.581039
0.136666	1.636450
0.140000	1.665748
0.143333	1.591229
0.146666	1.586771
0.150000	1.613521
0.153333	1.623075
0.156666	1.612247
0.160000	1.583268
0.163333	1.623075
0.166666	1.618935
0.170000	1.588363
0.173333	1.606834
0.176666	1.614477
0.180000	1.636132
0.183333	1.563842
0.186666	1.631992
0.190000	1.628489
0.193333	1.603968
0.196666	1.587089
0.199999	1.656513
0.203333	1.622757
0.206666	1.567027
0.209999	1.638043
0.213333	1.619572
0.216666	1.616069
0.219999	1.612884
0.223333	1.637406
0.226666	1.579765
0.229999	1.635176
0.233333	1.593459
0.236666	1.639316
0.239999	1.611611
0.243333	1.591229
0.246666	1.606834
0.249999	1.603012
0.253333	1.619890
0.256666	1.591548
0.259999	1.597280
0.263333	1.601101
0.266666	1.593140
0.269999	1.575306
0.273333	1.624986
0.276666	1.580402
0.279999	1.632629
0.283333	1.555244
0.286666	1.562887
0.289999	1.597598
0.293333	1.596962
0.296666	1.594732
0.299999	1.631992
0.303333	1.582631
0.306666	1.627533
0.309999	1.638361
0.313333	1.603968
0.316666	1.649507
0.319999	1.593459
0.323333	1.575625
0.326666	1.592822
0.329999	1.619890
0.333332	1.610337
0.336666	1.567664
0.339999	1.610974
0.343332	1.620846
0.346666	1.630081
0.349999	1.594732
0.353332	1.592503
0.356666	1.584860
0.359999	1.585179
0.363332	1.618298
0.366666	1.599191
0.369999	1.565116
0.373332	1.608108
0.376666	1.606197
0.379999	1.650781
0.383332	1.643138
0.386666	1.588682
0.389999	1.581357
0.393332	1.601420
0.396666	1.612247
0.399999	1.601738
0.403332	1.646004
0.406666	1.645685
0.409999	1.590274
0.413332	1.652692
0.416666	1.628489
0.419999	1.597280
0.423332	1.607789
0.426666	1.613521
0.429999	1.627215
0.433332	1.612884
0.436666	1.611611
0.439999	1.599191
0.443332	1.584860
0.446666	1.610018
0.449999	1.616387
0.453332	1.643456
0.456666	1.605878
0.459999	1.598872
0.463332	1.598235
0.466665	1.629126
0.469999	1.618935
0.473332	1.609700
0.476665	1.609381
0.479999	1.639635
0.483332	1.599509
0.486665	1.568300
0.489999	1.631673
0.493332	1.660334
0.496665	1.616069
0.499999	1.595688
0.503332	1.596325
0.506665	1.585179
0.509999	1.576899
0.513332	1.625623
0.516665	1.598235
0.519999	1.580720
0.523332	1.621164
0.526665	1.646004
0.529999	1.635176
0.533332	1.626897
0.536665	1.596643
0.539999	1.619572
0.543332	1.618298
0.546665	1.608744
0.549999	1.569574
0.553332	1.621483
0.556665	1.614477
0.559999	1.592822
0.563332	1.634539
0.566665	1.598872
0.569999	1.630400
0.573332	1.630718
0.576665	1.603331
0.579999	1.628489
0.583332	1.590274
0.586665	1.593140
0.589999	1.640272
0.593332	1.617661
0.596665	1.613521
0.599998	1.579765
0.603332	1.590592
0.606665	1.580083
0.609998	1.603649
0.613332	1.618298
0.616665	1.637406
0.619998	1.602694
0.623332	1.638361
0.626665	1.558747
0.629998	1.578173
0.633332	1.617980
0.636665	1.628489
0.639998	1.600146
0.643332	1.632310
0.646665	1.635813
0.649998	1.595051
0.653332	1.573396
0.656665	1.595688
0.659998	1.600146
0.663332	1.631355
0.666665	1.603012
0.669998	1.606197
0.673332	1.611929
0.676665	1.632629
0.679998	1.583905
0.683332	1.603012
0.686665	1.596325
0.689998	1.577854
0.693332	1.603012
0.696665	1.627852
0.699998	1.637087
0.703332	1.570848
0.706665	1.630081
0.709998	1.570848
0.713332	1.623393
0.716665	1.598872
0.719998	1.644412
0.723332	1.616387
0.726665	1.608744
0.729998	1.634539
0.733331	1.604923
0.736665	1.625623
0.739998	1.615114
0.743331	1.584542
0.746665	1.602375
0.749998	1.617024
0.753331	1.643456
0.756665	1.573077
0.759998	1.596643
0.763331	1.567027
0.766665	1.597917
0.769998	1.631673
0.773331	1.640590
0.776665	1.652055
0.779998	1.638043
0.783331	1.598235
0.786665	1.607789
0.789998	1.631992
0.793331	1.654602
0.796665	1.638679
0.799998	1.612566
0.803331	1.591229
0.806665	1.571485
0.809998	1.588363
0.813331	1.637406
0.816665	1.586134
0.819998	1.591548
0.823331	1.577217
0.826665	1.634858
0.829998	1.639953
0.833331	1.586134
0.836665	1.607152
0.839998	1.629763
0.843331	1.575943
0.846665	1.634539
0.849998	1.605241
0.853331	1.582313
0.856665	1.576262
0.859998	1.607471
0.863331	1.611929
0.866664	1.599828
0.869998	1.554925
0.873331	1.619254
0.876664	1.636769
0.879998	1.632310
0.883331	1.600465
0.886664	1.634858
0.889998	1.566071
0.893331	1.593459
0.896664	1.631992
0.899998	1.586771
0.903331	1.593459
0.906664	1.586771
0.909998	1.623393
0.913331	1.607471
0.916664	1.604286
0.919998	1.621801
0.923331	1.595688
0.926664	1.628489
0.929998	1.611611
0.933331	1.573077
0.936664	1.630400
0.939998	1.632629
0.943331	1.592822
0.946664	1.633903
0.949998	1.580083
0.953331	1.595051
0.956664	1.603968
0.959998	1.627533
0.963331	1.577854
0.966664	1.633903
0.969998	1.587089
0.973331	1.634539
0.976664	1.633266
0.979998	1.582631
0.983331	1.614158
0.986664	1.601420
0.989998	1.594732
0.993331	1.624986
0.996664	1.594414
0.999997	1.586452
1.003331	1.626578
1.006664	1.614158
1.009997	1.564797
1.013331	1.626260
1.016664	1.604286
1.019997	1.622757
1.023331	1.607789
1.026664	1.634539
1.029997	1.607789
1.033331	1.637087
1.036664	1.634858
1.039997	1.617980
1.043331	1.586134
1.046664	1.565434
1.049997	1.612566
1.053331	1.641227
1.056664	1.579446
1.059997	1.617661
1.063331	1.573396
1.066664	1.638679
1.069997	1.612566
1.073331	1.588682
1.076664	1.595369
1.079997	1.603968
1.083331	1.607152
1.086664	1.606515
1.089997	1.605878
1.093331	1.618298
1.096664	1.620209
1.099997	1.649507
1.103331	1.624349
1.106664	1.617661
1.109997	1.614477
1.113331	1.639316
1.116664	1.631355
1.119997	1.617024
1.123331	1.577854
1.126664	1.572440
1.129997	1.602694
1.133331	1.613840
1.136664	1.589956
1.139997	1.578491
1.143330	1.619572
1.146664	1.610018
1.149997	1.618617
1.153330	1.625304
1.156664	1.607471
1.159997	1.645685
1.163330	1.623393
1.166664	1.646959
1.169997	1.644412
1.173330	1.601101
1.176664	1.589319
1.179997	1.616069
1.183330	1.614795
1.186664	1.578810
1.189997	1.611611
1.193330	1.582631
1.196664	1.618935
1.199997	1.623393
1.203330	1.587726
1.206664	1.599828
1.209997	1.552696
1.213330	1.561931
1.216664	1.581357
1.219997	1.603649
1.223330	1.617661
1.226664	1.579446
1.229997	1.579128
1.233330	1.606515
1.236664	1.625941
1.239997	1.571167
1.243330	1.657468
1.246664	1.602375
1.249997	1.594732
1.253330	1.639635
1.256664	1.625623
1.259997	1.579446
1.263330	1.584860
1.266663	1.645367
1.269997	1.624986
1.273330	1.595051
1.276663	1.603012
1.279997	1.631036
1.283330	1.619254
1.286663	1.575625
1.289997	1.543142
1.293330	1.610974
1.296663	1.570530
1.299997	1.591548
1.303330	1.588363
1.306663	1.639316
1.309997	1.601738
1.313330	1.573714
1.316663	1.616706
1.319997	1.560339
1.323330	1.553333
1.326663	1.573396
1.329997	1.583586
1.333330	1.599191
1.336663	1.611292
1.339997	1.554607
1.343330	1.616387
1.346663	1.604605
1.349997	1.616069
1.353330	1.637724
1.356663	1.601738
1.359997	1.611292
1.363330	1.620527
1.366663	1.643775
1.369997	1.588363
1.373330	1.594732
1.376663	1.624986
1.379997	1.605241
1.383330	1.642501
1.386663	1.573714
1.389997	1.622757
1.393330	1.591229
1.396663	1.589319
1.399996	1.621801
1.403330	1.627533
1.406663	1.641864
1.409996	1.623393
1.413330	1.605878
1.416663	1.610655
1.419996	1.579128
1.423330	1.643775
1.426663	1.619572
1.429996	1.608108
1.433330	1.589956
1.436663	1.588682
1.439996	1.631992
1.443330	1.624030
1.446663	1.584860
1.449996	1.658105
1.453330	1.611929
1.456663	1.594414
1.459996	1.645685
1.463330	1.608426
1.466663	1.652373
1.469996	1.638998
1.473330	1.600146
1.476663	1.621164
1.479996	1.585497
1.483330	1.609700
1.486663	1.611929
1.489996	1.604923
1.493330	1.576580
1.496663	1.607789
1.499996	1.617980
1.503330	1.562887
1.506663	1.601420
1.509996	1.633584
1.513330	1.588682
1.516663	1.624349
1.519996	1.589956
1.523330	1.584860
1.526663	1.653965
1.529996	1.609700
1.533330	1.619572
1.536663	1.585179
1.539996	1.596325
1.543329	1.610018
1.546663	1.606834
1.549996	1.612566
1.553329	1.609700
1.556663	1.559384
1.559996	1.610018
1.563329	1.628807
1.566663	1.587089
1.569996	1.615114
1.573329	1.614477
1.576663	1.582313
1.579996	1.617024
1.583329	1.622120
1.586663	1.567345
1.589996	1.581039
1.593329	1.629763
1.596663	1.641864
1.599996	1.583586
1.603329	1.645049
1.606663	1.613840
1.609996	1.583268
1.613329	1.584860
1.616663	1.646322
1.619996	1.627533
1.623329	1.620209
1.626663	1.623075
1.629996	1.574988
1.633329	1.610655
1.636663	1.624667
1.639996	1.623712
1.643329	1.641227
1.646663	1.585816
1.649996	1.635495
1.653329	1.614477
1.656663	1.610018
1.659996	1.582949
1.663329	1.660016
1.666662	1.607471
1.669996	1.592185
1.673329	1.571803
1.676662	1.609381
1.679996	1.597917
1.683329	1.593459
1.686662	1.589000
1.689996	1.590911
1.693329	1.583268
1.696662	1.608108
1.699996	1.636132
1.703329	1.618617
1.706662	1.593459
1.709996	1.636132
1.713329	1.617343
1.716662	1.590592
1.719996	1.626578
1.723329	1.632947
1.726662	1.616387
1.729996	1.583268
1.733329	1.595051
1.736662	1.603649
1.739996	1.610974
1.743329	1.614795
1.746662	1.604923
1.749996	1.619572
1.753329	1.609381
1.756662	1.581039
1.759996	1.608426
1.763329	1.610018
1.766662	1.641227
1.769996	1.626897
1.773329	1.590274
1.776662	1.611929
1.779996	1.571167
1.783329	1.633903
1.786662	1.599828
1.789996	1.621483
1.793329	1.602694
1.796662	1.621483
1.799995	1.606197
1.803329	1.661290
1.806662	1.589319
1.809995	1.562887
1.813329	1.606197
1.816662	1.609700
1.819995	1.611929
1.823329	1.621483
1.826662	1.565434
1.829995	1.603968
1.833329	1.632629
1.836662	1.615114
1.839995	1.594414
1.843329	1.646641
1.846662	1.605878
1.849995	1.576580
1.853329	1.640272
1.856662	1.621801
1.859995	1.596962
1.863329	1.583905
1.866662	1.618298
1.869995	1.599509
1.873329	1.649189
1.876662	1.606515
1.879995	1.598235
1.883329	1.617343
1.886662	1.567345
1.889995	1.603331
1.893329	1.624667
1.896662	1.606515
1.899995	1.611929
1.903329	1.634858
1.906662	1.585179
1.909995	1.593140
1.913329	1.590911
1.916662	1.611929
1.919995	1.617024
1.923329	1.619254
1.926662	1.576580
1.929995	1.609700
1.933329	1.654602
1.936662	1.563842
1.939995	1.630081
1.943328	1.628170
1.946662	1.613840
1.949995	1.590911
1.953328	1.592185
1.956662	1.637406
1.959995	1.595369
1.963328	1.625304
1.966662	1.618617
1.969995	1.604286
1.973328	1.603968
1.976662	1.609063
1.979995	1.588045
1.983328	1.596643
1.986662	1.644412
1.989995	1.633903
1.993328	1.650781
1.996662	1.629444
1.999995	1.619572
2.003328	1.628170
2.006662	1.567664
2.009995	1.618617
2.013328	1.631673
2.016662	1.636132
2.019995	1.629763
2.023328	1.603012
2.026662	1.601420
2.029995	1.642182
2.033328	1.585497
2.036662	1.615751
2.039995	1.624667
2.043328	1.596643
2.046662	1.608108
2.049995	1.613203
2.053328	1.595688
2.056662	1.599191
2.059995	1.609700
2.063328	1.613203
2.066661	1.592822
2.069995	1.614477
2.073328	1.600783
2.076661	1.618935
2.079995	1.590274
2.083328	1.558428
2.086661	1.609063
2.089995	1.587726
2.093328	1.598872
2.096661	1.621483
2.099995	1.608108
2.103328	1.617024
2.106661	1.571485
2.109995	1.652692
2.113328	1.608108
2.116661	1.551104
2.119995	1.633903
2.123328	1.604286
2.126661	1.634858
2.129995	1.582313
2.133328	1.584860
2.136661	1.605241
2.139995	1.625304
2.143328	1.591229
2.146661	1.597917
2.149995	1.626260
2.153328	1.581357
2.156661	1.628807
2.159995	1.609700
2.163328	1.593140
2.166661	1.625304
2.169995	1.566708
2.173328	1.653010
2.176661	1.621483
2.179995	1.603012
2.183328	1.642182
2.186661	1.628807
2.189995	1.614158
2.193328	1.635813
2.196661	1.638679
2.199994	1.569574
2.203328	1.614795
2.206661	1.608108
2.209994	1.588363
2.213328	1.604286
2.216661	1.589000
2.219994	1.567664
2.223328	1.596006
2.226661	1.591548
2.229994	1.611611
2.233328	1.652055
2.236661	1.634221
2.239994	1.567345
2.243328	1.594095
2.246661	1.643456
2.249994	1.601420
2.253328	1.611929
2.256661	1.591548
2.259994	1.644730
2.263328	1.596643
2.266661	1.603968
2.269994	1.628807
2.273328	1.613203
2.276661	1.604286
2.279994	1.558428
2.283328	1.633903
2.286661	1.619572
2.289994	1.619254
2.293328	1.584542
2.296661	1.555562
2.299994	1.597917
2.303328	1.619890
2.306661	1.643456
2.309994	1.594414
2.313328	1.623712
2.316661	1.601101
2.319994	1.632629
2.323328	1.604605
2.326661	1.608744
2.329994	1.608744
2.333327	1.645049
2.336661	1.643138
2.339994	1.592822
2.343327	1.596643
2.346661	1.572122
2.349994	1.590592
2.353327	1.628489
2.356661	1.645685
2.359994	1.570848
2.363327	1.602057
2.366661	1.598554
2.369994	1.616387
2.373327	1.593459
2.376661	1.656513
2.379994	1.621164
2.383327	1.578810
2.386661	1.579128
2.389994	1.578173
2.393327	1.597280
2.396661	1.584860
2.399994	1.586134
2.403327	1.585497
2.406661	1.634858
2.409994	1.621164
2.413327	1.647596
2.416661	1.618935
2.419994	1.596643
2.423327	1.624349
2.426661	1.619890
2.429994	1.589637
2.433327	1.593140
2.436661	1.608744
2.439994	1.623712
2.443327	1.607471
2.446661	1.646004
2.449994	1.635176
2.453327	1.625623
2.456661	1.630081
2.459994	1.625941
2.463327	1.574033
2.466660	1.596643
2.469994	1.591866
2.473327	1.606834
2.476660	1.607789
2.479994	1.581039
2.483327	1.571167
2.486660	1.567664
2.489994	1.596643
2.493327	1.631992
2.496660	1.611611
2.499994	1.593459
2.503327	1.618935
2.506660	1.606197
2.509994	1.567345
2.513327	1.617661
2.516660	1.590592
2.519994	1.629763
2.523327	1.586134
2.526660	1.575625
2.529994	1.582949
2.533327	1.621164
2.536660	1.570530
2.539994	1.631673
2.543327	1.616069
2.546660	1.638043
2.549994	1.577536
2.553327	1.568619
2.556660	1.631036
2.559994	1.560657
2.563327	1.638679
2.566660	1.580402
2.569994	1.612884
2.573327	1.618617
2.576660	1.612247
2.579994	1.582313
2.583327	1.587089
2.586660	1.635813
2.589994	1.607152
2.593327	1.631036
2.596660	1.587726
2.599994	1.610655
2.603327	1.580720
2.606660	1.621483
2.609993	1.581039
2.613327	1.604923
2.616660	1.619890
2.619993	1.623393
2.623327	1.620846
2.626660	1.618935
2.629993	1.583586
2.633327	1.609700
2.636660	1.589319
2.639993	1.650144
2.643327	1.606834
2.646660	1.639635
2.649993	1.586452
2.653327	1.611611
2.656660	1.624986
2.659993	1.564797
2.663327	1.591548
2.666660	1.587089
2.669993	1.602694
2.673327	1.587089
2.676660	1.606834
2.679993	1.636132
2.683327	1.624030
2.686660	1.614158
2.689993	1.579128
2.693327	1.623075
2.696660	1.629126
2.699993	1.620527
2.703327	1.597917
2.706660	1.610018
2.709993	1.657468
2.713327	1.601738
2.716660	1.633266
2.719993	1.612247
2.723327	1.661290
2.726660	1.546327
2.729993	1.606197
2.733326	1.608108
2.736660	1.583905
2.739993	1.584223
2.743326	1.608744
2.746660	1.592822
2.749993	1.596643
2.753326	1.577217
2.756660	1.627852
2.759993	1.644093
2.763326	1.546964
2.766660	1.611929
2.769993	1.630081
2.773326	1.595051
2.776660	1.594414
2.779993	1.616387
2.783326	1.585179
2.786660	1.650144
2.789993	1.570530
2.793326	1.629763
2.796660	1.620846
2.799993	1.646004
2.803326	1.609381
2.806660	1.591866
2.809993	1.595369
2.813326	1.581357
2.816660	1.593777
2.819993	1.636132
2.823326	1.619572
2.826660	1.637724
2.829993	1.570211
2.833326	1.601101
2.836660	1.621801
2.839993	1.595369
2.843326	1.645367
2.846660	1.599828
2.849993	1.633266
2.853326	1.633584
2.856660	1.560021
2.859993	1.628807
2.863326	1.658742
2.866659	1.600465
2.869993	1.630400
2.873326	1.643138
2.876659	1.570211
2.879993	1.612247
2.883326	1.564160
2.886659	1.633266
2.889993	1.583586
2.893326	1.556199
2.896659	1.562250
2.899993	1.634221
2.903326	1.602375
2.906659	1.643456
2.909993	1.649507
2.913326	1.604286
2.916659	1.574033
2.919993	1.619254
2.923326	1.617024
2.926659	1.620209
2.929993	1.592503
2.933326	1.637087
2.936659	1.613203
2.939993	1.598235
2.943326	1.631673
2.946659	1.618617
2.949993	1.631036
2.953326	1.630718
2.956659	1.569893
2.959993	1.633584
2.963326	1.572440
2.966659	1.653010
2.969993	1.608426
2.973326	1.575943
2.976659	1.566708
2.979993	1.626897
2.983326	1.601101
2.986659	1.599828
2.989993	1.611292
2.993326	1.596643
2.996659	1.590592
2.999992	1.572759
3.003326	1.640909
3.006659	1.605560
3.009992	1.594095
3.013326	1.618935
3.016659	1.646322
3.019992	1.635813
3.023326	1.639953
3.026659	1.609700
3.029992	1.586771
3.033326	1.595688
3.036659	1.617980
3.039992	1.631036
3.043326	1.591548
3.046659	1.640590
3.049992	1.561613
3.053326	1.638998
3.056659	1.631036
3.059992	1.608108
3.063326	1.632629
3.066659	1.614477
3.069992	1.627533
3.073326	1.629444
3.076659	1.627852
3.079992	1.635176
3.083326	1.576262
3.086659	1.613521
3.089992	1.596006
3.093326	1.621801
3.096659	1.624030
3.099992	1.665111
3.103326	1.621483
3.106659	1.560657
3.109992	1.632947
3.113326	1.612884
3.116659	1.608108
3.119992	1.626260
3.123326	1.577217
3.126659	1.648233
3.129992	1.631036
3.133325	1.621483
3.136659	1.618935
3.139992	1.610337
3.143325	1.625304
3.146659	1.582631
3.149992	1.599509
3.153325	1.602375
3.156659	1.606515
3.159992	1.583905
3.163325	1.587089
3.166659	1.630718
3.169992	1.610655
3.173325	1.598235
3.176659	1.602694
3.179992	1.581676
3.183325	1.612566
3.186659	1.641864
3.189992	1.590911
3.193325	1.628170
3.196659	1.634858
3.199992	1.592822
3.203325	1.579446
3.206659	1.594095
3.209992	1.598554
3.213325	1.626260
3.216659	1.557154
3.219992	1.630718
3.223325	1.619890
3.226659	1.625941
3.229992	1.625623
3.233325	1.591229
3.236659	1.629126
3.239992	1.625304
3.243325	1.591229
3.246659	1.638043
3.249992	1.593459
3.253325	1.624030
3.256659	1.620527
3.259992	1.581357
3.263325	1.586452
3.266658	1.591229
3.269992	1.636450
3.273325	1.641864
3.276658	1.590592
3.279992	1.587408
3.283325	1.637724
3.286658	1.598235
3.289992	1.629763
3.293325	1.623393
3.296658	1.640272
3.299992	1.598554
3.303325	1.591548
3.306658	1.631355
3.309992	1.655239
3.313325	1.561931
3.316658	1.558747
3.319992	1.619572
3.323325	1.630718
3.326658	1.604923
3.329992	1.594095
3.333325	1.604923
3.336658	1.617024
3.339992	1.598554
3.343325	1.621483
3.346658	1.623075
3.349992	1.582631
3.353325	1.636132
3.356658	1.586134
3.359992	1.625623
3.363325	1.628807
3.366658	1.592822
3.369992	1.623393
3.373325	1.584542
3.376658	1.584860
3.379992	1.617343
3.383325	1.574988
3.386658	1.622120
3.389992	1.558110
3.393325	1.590274
3.396658	1.608426
3.399991	1.596962
3.403325	1.627215
3.406658	1.621801
3.409991	1.641546
3.413325	1.618298
3.416658	1.643775
3.419991	1.620209
3.423325	1.590274
3.426658	1.604286
3.429991	1.578491
3.433325	1.596962
3.436658	1.639316
3.439991	1.602375
3.443325	1.581994
3.446658	1.561294
3.449991	1.600146
3.453325	1.610655
3.456658	1.639635
3.459991	1.613521
3.463325	1.595051
3.466658	1.599191
3.469991	1.600465
3.473325	1.595688
3.476658	1.601420
3.479991	1.570530
3.483325	1.643775
3.486658	1.624349
3.489991	1.575625
3.493325	1.571803
3.496658	1.571803
3.499991	1.621164
3.503325	1.629126
3.506658	1.615432
3.509991	1.614158
3.513325	1.631355
3.516658	1.609063
3.519991	1.626897
3.523325	1.628807
3.526658	1.624030
3.529991	1.595688
3.533324	1.601738
3.536658	1.624986
3.539991	1.633584
3.543324	1.609063
3.546658	1.576899
3.549991	1.630718
3.553324	1.611292
3.556658	1.557791
3.559991	1.601738
3.563324	1.605560
3.566658	1.578491
3.569991	1.572122
3.573324	1.608426
3.576658	1.607471
3.579991	1.619572
3.583324	1.596325
3.586658	1.600783
3.589991	1.586134
3.593324	1.591548
3.596658	1.579765
3.599991	1.597598
3.603324	1.565434
3.606658	1.604605
3.609991	1.610018
3.613324	1.591229
3.616658	1.637087
3.619991	1.581676
3.623324	1.589000
3.626658	1.616706
3.629991	1.652373
3.633324	1.624667
3.636658	1.612247
3.639991	1.631036
3.643324	1.583905
3.646658	1.592185
3.649991	1.601420
3.653324	1.612884
3.656658	1.657468
3.659991	1.635176
3.663324	1.590592
3.666657	1.626260
3.669991	1.626578
3.673324	1.658742
3.676657	1.649189
3.679991	1.601738
3.683324	1.596006
3.686657	1.551741
3.689991	1.631355
3.693324	1.617980
3.696657	1.615114
3.699991	1.614477
3.703324	1.606197
3.706657	1.610655
3.709991	1.643775
3.713324	1.557473
3.716657	1.601420
3.719991	1.635813
3.723324	1.587089
3.726657	1.629763
3.729991	1.631036
3.733324	1.617343
3.736657	1.585816
3.739991	1.540595
3.743324	1.597598
3.746657	1.578491
3.749991	1.614477
3.753324	1.581357
3.756657	1.612247
3.759991	1.635176
3.763324	1.571167
3.766657	1.602375
3.769991	1.563205
3.773324	1.619572
3.776657	1.624667
3.779991	1.652055
3.783324	1.615751
3.786657	1.596006
3.789991	1.622757
3.793324	1.584860
3.796657	1.597598
3.799990	1.605560
3.803324	1.652692
3.806657	1.614795
3.809990	1.597917
3.813324	1.594414
3.816657	1.599509
3.819990	1.587726
3.823324	1.590911
3.826657	1.594095
3.829990	1.643138
3.833324	1.594095
3.836657	1.598872
3.839990	1.639316
3.843324	1.594095
3.846657	1.619572
3.849990	1.564160
3.853324	1.611611
3.856657	1.560339
3.859990	1.611929
3.863324	1.568300
3.866657	1.624349
3.869990	1.641864
3.873324	1.628170
3.876657	1.601738
3.879990	1.596006
3.883324	1.598872
3.886657	1.586134
3.889990	1.627215
3.893324	1.601738
3.896657	1.598235
3.899990	1.621483
3.903324	1.621483
3.906657	1.568619
3.909990	1.612247
3.913324	1.607152
3.916657	1.565434
3.919990	1.569256
3.923324	1.596006
3.926657	1.579128
3.929990	1.629126
3.933323	1.626578
3.936657	1.637724
3.939990	1.592503
3.943323	1.631355
3.946657	1.589956
3.949990	1.607789
3.953323	1.567027
3.956657	1.633903
3.959990	1.618935
3.963323	1.600146
3.966657	1.609063
3.969990	1.597598
3.973323	1.609381
3.976657	1.641864
3.979990	1.589000
3.983323	1.649825
3.986657	1.626260
3.989990	1.568300
3.993323	1.577854
3.996657	1.631673
3.999990	1.608108
4.003323	1.607471
4.006657	1.625941
4.009990	1.581357
4.013323	1.618298
4.016657	1.612247
4.019990	1.600465
4.023323	1.612247
4.026657	1.625623
4.029990	1.626897
4.033323	1.645367
4.036657	1.580720
4.039990	1.618298
4.043323	1.607152
4.046657	1.589637
4.049990	1.594414
4.053323	1.612566
4.056657	1.637406
4.059990	1.605241
4.063323	1.587726
4.066656	1.615432
4.069990	1.620527
4.073323	1.615114
4.076656	1.644093
4.079990	1.617980
4.083323	1.603331
4.086656	1.613521
4.089990	1.563524
4.093323	1.638043
4.096656	1.619572
4.099990	1.607152
4.103323	1.624030
4.106656	1.627852
4.109990	1.621483
4.113323	1.613840
4.116656	1.625623
4.119990	1.618935
4.123323	1.649189
4.126656	1.577854
4.129990	1.620209
4.133323	1.628807
4.136656	1.652055
4.139990	1.582313
4.143323	1.583268
4.146656	1.624667
4.149990	1.636132
4.153323	1.562568
4.156656	1.597598
4.159990	1.641864
4.163323	1.598235
4.166656	1.572759
4.169990	1.615114
4.173323	1.603649
4.176656	1.602057
4.179990	1.605560
4.183323	1.604286
4.186656	1.582631
4.189990	1.610655
4.193323	1.573714
4.196656	1.615432
4.199990	1.588363
4.203323	1.588682
4.206656	1.620209
4.209989	1.613521
4.213323	1.622757
4.216656	1.625304
4.219989	1.620527
4.223323	1.580720
4.226656	1.617024
4.229989	1.644730
4.233323	1.599191
4.236656	1.608426
4.239989	1.612566
4.243323	1.589956
4.246656	1.600146
4.249989	1.624030
4.253323	1.594732
4.256656	1.592503
4.259989	1.635176
4.263323	1.625941
4.266656	1.603968
4.269989	1.623393
4.273323	1.610655
4.276656	1.586452
4.279989	1.581676
4.283323	1.559384
4.286656	1.637087
4.289989	1.570530
4.293323	1.623075
4.296656	1.569574
4.299989	1.622120
4.303323	1.611292
4.306656	1.612247
4.309989	1.627533
4.313323	1.612247
4.316656	1.581039
4.319989	1.571167
4.323323	1.638679
4.326656	1.585497
4.329989	1.613521
4.333322	1.570530
4.336656	1.556836
4.339989	1.554607
4.343322	1.580720
4.346656	1.669570
4.349989	1.594095
4.353322	1.585497
4.356656	1.606515
4.359989	1.595369
4.363322	1.626260
4.366656	1.629126
4.369989	1.637406
4.373322	1.584860
4.376656	1.600783
4.379989	1.627852
4.383322	1.617661
4.386656	1.618935
4.389989	1.623075
4.393322	1.647278
4.396656	1.589000
4.399989	1.645049
4.403322	1.590911
4.406656	1.606197
4.409989	1.589000
4.413322	1.577854
4.416656	1.590592
4.419989	1.615751
4.423322	1.624667
4.426656	1.623393
4.429989	1.593140
4.433322	1.571167
4.436656	1.564797
4.439989	1.622757
4.443322	1.632310
4.446656	1.565116
4.449989	1.645367
4.453322	1.629444
4.456656	1.595051
4.459989	1.589000
4.463322	1.607152
4.466655	1.593140
4.469989	1.576899
4.473322	1.591866
4.476655	1.614795
4.479989	1.614158
4.483322	1.604286
4.486655	1.595369
4.489989	1.623075
4.493322	1.609700
4.496655	1.568937
4.499989	1.629763
4.503322	1.602375
4.506655	1.583268
4.509989	1.617024
4.513322	1.588045
4.516655	1.638998
4.519989	1.592822
4.523322	1.628170
4.526655	1.609700
4.529989	1.619890
4.533322	1.613521
4.536655	1.626897
4.539989	1.613521
4.543322	1.639635
4.546655	1.597280
4.549989	1.593459
4.553322	1.592822
4.556655	1.563524
4.559989	1.600465
4.563322	1.634221
4.566655	1.566390
4.569989	1.575306
4.573322	1.559702
4.576655	1.580720
4.579989	1.596643
4.583322	1.627215
4.586655	1.604923
4.589989	1.637087
4.593322	1.598554
4.596655	1.604605
4.599988	1.557791
4.603322	1.620846
4.606655	1.574988
4.609988	1.598235
4.613322	1.588682
4.616655	1.606834
4.619988	1.603649
4.623322	1.634221
4.626655	1.630081
4.629988	1.625304
4.633322	1.607152
4.636655	1.606834
4.639988	1.602694
4.643322	1.628489
4.646655	1.598872
4.649988	1.643138
4.653322	1.641864
4.656655	1.608426
4.659988	1.573077
4.663322	1.632629
4.666655	1.584860
4.669988	1.576262
4.673322	1.623393
4.676655	1.642501
4.679988	1.593459
4.683322	1.572122
4.686655	1.632310
4.689988	1.593140
4.693322	1.574670
4.696655	1.593777
4.699988	1.610974
4.703322	1.635813
4.706655	1.565753
4.709988	1.624349
4.713322	1.631673
4.716655	1.602057
4.719988	1.556836
4.723322	1.628170
4.726655	1.631992
4.729988	1.615751
4.733321	1.602694
4.736655	1.578810
4.739988	1.568300
4.743321	1.647596
4.746655	1.612884
4.749988	1.633266
4.753321	1.638679
4.756655	1.640272
4.759988	1.595369
4.763321	1.619572
4.766655	1.555244
4.769988	1.612247
4.773321	1.572122
4.776655	1.578491
4.779988	1.594414
4.783321	1.603012
4.786655	1.635813
4.789988	1.593140
4.793321	1.628489
4.796655	1.563524
4.799988	1.596006
4.803321	1.640590
4.806655	1.584860
4.809988	1.575943
4.813321	1.640272
4.816655	1.630400
4.819988	1.633584
4.823321	1.569574
4.826655	1.637724
4.829988	1.589000
4.833321	1.662245
4.836655	1.590911
4.839988	1.604605
4.843321	1.624986
4.846655	1.558747
4.849988	1.632629
4.853321	1.627533
4.856655	1.641227
4.859988	1.596643
4.863321	1.619890
4.866655	1.578491
4.869988	1.603649
4.873321	1.631355
4.876654	1.619572
4.879988	1.648233
4.883321	1.600783
4.886654	1.601738
4.889988	1.582313
4.893321	1.610337
4.896654	1.634858
4.899988	1.580083
4.903321	1.607471
4.906654	1.611611
4.909988	1.531996
4.913321	1.608744
4.916654	1.635176
4.919988	1.617661
4.923321	1.606834
4.926654	1.582631
4.929988	1.613840
4.933321	1.605241
4.936654	1.590911
4.939988	1.610018
4.943321	1.631992
4.946654	1.623393
4.949988	1.588682
4.953321	1.586452
4.956654	1.578810
4.959988	1.621801
4.963321	1.596962
4.966654	1.579446
4.969988	1.608744
4.973321	1.609700
4.976654	1.613203
4.979988	1.591866
4.983321	1.649189
4.986654	1.608426
4.989988	1.592503
4.993321	1.561931
4.996654	1.612884

