LabVIEW Measurement	
Writer_Version	2
Reader_Version	2
Separator	Tab
Decimal_Separator	.
Multi_Headings	Yes
X_Columns	One
Time_Pref	Absolute
Operator	labuser
Date	1904/01/01
Time	01:00:00.
***End_of_Header***	
	
Channels	1	
Samples	1500	
Date	2019/05/16	
Time	10:43:48.5003053249997429325	
Y_Unit_Label	Volts	
X_Dimension	Time	
X0	0.0000000000000000E+0	
Delta_X	0.003333	
***End_of_Header***		
X_Value	Voltage	Comment
0.000000	1.667341
0.003333	1.669251
0.006667	1.665430
0.010000	1.668614
0.013333	1.666385
0.016667	1.667341
0.020000	1.667022
0.023333	1.667977
0.026667	1.668614
0.030000	1.665111
0.033333	1.668296
0.036667	1.667022
0.040000	1.664793
0.043333	1.669251
0.046667	1.663838
0.050000	1.669570
0.053333	1.666067
0.056667	1.665748
0.060000	1.668614
0.063333	1.665430
0.066666	1.668933
0.070000	1.666704
0.073333	1.666067
0.076666	1.668296
0.080000	1.665111
0.083333	1.668614
0.086666	1.665430
0.090000	1.667022
0.093333	1.667659
0.096666	1.665430
0.100000	1.669251
0.103333	1.665748
0.106666	1.668614
0.110000	1.667341
0.113333	1.666704
0.116666	1.669251
0.120000	1.665430
0.123333	1.668933
0.126666	1.667977
0.130000	1.666704
0.133333	1.669251
0.136666	1.666067
0.140000	1.669251
0.143333	1.666385
0.146666	1.669888
0.150000	1.667977
0.153333	1.665111
0.156666	1.670207
0.160000	1.666385
0.163333	1.667659
0.166666	1.668614
0.170000	1.666067
0.173333	1.670207
0.176666	1.666067
0.180000	1.668614
0.183333	1.667659
0.186666	1.668933
0.190000	1.668933
0.193333	1.666385
0.196666	1.669888
0.199999	1.667022
0.203333	1.667659
0.206666	1.669251
0.209999	1.666385
0.213333	1.670525
0.216666	1.665430
0.219999	1.668933
0.223333	1.667977
0.226666	1.666704
0.229999	1.669251
0.233333	1.666385
0.236666	1.669251
0.239999	1.667022
0.243333	1.667341
0.246666	1.669888
0.249999	1.667022
0.253333	1.670525
0.256666	1.666704
0.259999	1.669888
0.263333	1.669570
0.266666	1.666067
0.269999	1.670844
0.273333	1.667022
0.276666	1.669251
0.279999	1.667977
0.283333	1.667022
0.286666	1.669570
0.289999	1.666067
0.293333	1.670525
0.296666	1.665430
0.299999	1.667659
0.303333	1.669570
0.306666	1.665748
0.309999	1.669888
0.313333	1.667022
0.316666	1.668614
0.319999	1.667341
0.323333	1.665430
0.326666	1.669251
0.329999	1.666067
0.333332	1.668614
0.336666	1.667659
0.339999	1.666385
0.343332	1.669251
0.346666	1.665430
0.349999	1.669888
0.353332	1.666704
0.356666	1.668933
0.359999	1.668614
0.363332	1.665111
0.366666	1.670207
0.369999	1.666385
0.373332	1.668933
0.376666	1.667977
0.379999	1.666704
0.383332	1.669570
0.386666	1.666067
0.389999	1.669570
0.393332	1.667977
0.396666	1.667341
0.399999	1.668933
0.403332	1.666385
0.406666	1.670525
0.409999	1.667022
0.413332	1.666385
0.416666	1.667659
0.419999	1.666385
0.423332	1.670207
0.426666	1.665430
0.429999	1.667341
0.433332	1.668614
0.436666	1.667659
0.439999	1.669251
0.443332	1.667977
0.446666	1.670525
0.449999	1.668296
0.453332	1.668614
0.456666	1.670844
0.459999	1.666385
0.463332	1.670844
0.466665	1.667022
0.469999	1.667977
0.473332	1.668296
0.476665	1.666385
0.479999	1.670207
0.483332	1.665430
0.486665	1.668614
0.489999	1.667659
0.493332	1.666385
0.496665	1.668933
0.499999	1.666385
0.503332	1.669888
0.506665	1.667341
0.509999	1.667659
0.513332	1.669888
0.516665	1.667022
0.519999	1.671480
0.523332	1.666385
0.526665	1.669251
0.529999	1.669888
0.533332	1.667341
0.536665	1.669888
0.539999	1.667022
0.543332	1.669888
0.546665	1.667022
0.549999	1.668296
0.553332	1.669888
0.556665	1.667022
0.559999	1.670207
0.563332	1.666704
0.566665	1.669570
0.569999	1.668933
0.573332	1.668296
0.576665	1.670525
0.579999	1.665748
0.583332	1.670525
0.586665	1.668933
0.589999	1.669251
0.593332	1.670525
0.596665	1.667022
0.599998	1.671480
0.603332	1.667977
0.606665	1.669570
0.609998	1.669570
0.613332	1.667977
0.616665	1.671162
0.619998	1.666385
0.623332	1.671162
0.626665	1.667977
0.629998	1.667659
0.633332	1.669888
0.636665	1.667341
0.639998	1.670844
0.643332	1.667022
0.646665	1.669570
0.649998	1.668933
0.653332	1.668933
0.656665	1.670844
0.659998	1.666704
0.663332	1.670525
0.666665	1.667341
0.669998	1.668933
0.673332	1.670525
0.676665	1.666385
0.679998	1.670844
0.683332	1.667341
0.686665	1.668933
0.689998	1.669251
0.693332	1.668296
0.696665	1.670525
0.699998	1.666704
0.703332	1.670525
0.706665	1.667659
0.709998	1.668933
0.713332	1.669888
0.716665	1.666704
0.719998	1.671480
0.723332	1.668296
0.726665	1.669888
0.729998	1.669251
0.733331	1.667022
0.736665	1.670844
0.739998	1.666704
0.743331	1.671162
0.746665	1.667341
0.749998	1.668296
0.753331	1.670207
0.756665	1.666704
0.759998	1.669570
0.763331	1.666704
0.766665	1.669570
0.769998	1.668614
0.773331	1.667022
0.776665	1.671480
0.779998	1.666704
0.783331	1.671162
0.786665	1.668296
0.789998	1.668614
0.793331	1.670844
0.796665	1.668296
0.799998	1.671162
0.803331	1.667659
0.806665	1.670525
0.809998	1.669251
0.813331	1.667659
0.816665	1.671480
0.819998	1.667341
0.823331	1.670844
0.826665	1.668296
0.829998	1.668614
0.833331	1.670207
0.836665	1.667659
0.839998	1.671162
0.843331	1.667341
0.846665	1.670525
0.849998	1.668933
0.853331	1.667341
0.856665	1.671162
0.859998	1.667977
0.863331	1.671480
0.866664	1.669251
0.869998	1.668614
0.873331	1.671162
0.876664	1.667341
0.879998	1.671162
0.883331	1.668933
0.886664	1.669251
0.889998	1.669251
0.893331	1.667341
0.896664	1.671162
0.899998	1.666067
0.903331	1.669888
0.906664	1.668614
0.909998	1.668614
0.913331	1.670844
0.916664	1.667022
0.919998	1.670844
0.923331	1.667022
0.926664	1.669570
0.929998	1.668933
0.933331	1.667659
0.936664	1.669570
0.939998	1.666704
0.943331	1.671162
0.946664	1.667659
0.949998	1.667977
0.953331	1.669251
0.956664	1.667341
0.959998	1.671480
0.963331	1.667341
0.966664	1.669251
0.969998	1.670525
0.973331	1.667022
0.976664	1.671162
0.979998	1.667977
0.983331	1.670525
0.986664	1.668933
0.989998	1.668614
0.993331	1.670525
0.996664	1.667341
0.999997	1.671480
1.003331	1.667659
1.006664	1.670844
1.009997	1.670207
1.013331	1.667022
1.016664	1.670844
1.019997	1.667341
1.023331	1.670525
1.026664	1.669251
1.029997	1.667977
1.033331	1.669888
1.036664	1.668614
1.039997	1.670525
1.043331	1.666704
1.046664	1.670525
1.049997	1.667977
1.053331	1.667977
1.056664	1.670844
1.059997	1.667022
1.063331	1.671480
1.066664	1.667022
1.069997	1.668614
1.073331	1.670844
1.076664	1.667659
1.079997	1.671799
1.083331	1.667659
1.086664	1.670525
1.089997	1.669888
1.093331	1.668614
1.096664	1.671480
1.099997	1.668933
1.103331	1.671162
1.106664	1.667977
1.109997	1.669570
1.113331	1.669888
1.116664	1.666385
1.119997	1.671799
1.123331	1.666704
1.126664	1.670207
1.129997	1.669251
1.133331	1.668614
1.136664	1.671799
1.139997	1.668296
1.143330	1.670844
1.146664	1.667977
1.149997	1.670207
1.153330	1.669888
1.156664	1.666704
1.159997	1.671162
1.163330	1.667659
1.166664	1.669888
1.169997	1.668614
1.173330	1.667341
1.176664	1.671480
1.179997	1.667341
1.183330	1.670525
1.186664	1.668933
1.189997	1.669570
1.193330	1.669570
1.196664	1.667977
1.199997	1.671480
1.203330	1.667341
1.206664	1.671799
1.209997	1.669251
1.213330	1.669251
1.216664	1.670844
1.219997	1.666067
1.223330	1.670525
1.226664	1.667022
1.229997	1.668614
1.233330	1.670207
1.236664	1.668296
1.239997	1.671799
1.243330	1.667659
1.246664	1.671162
1.249997	1.668614
1.253330	1.669251
1.256664	1.670844
1.259997	1.667977
1.263330	1.672117
1.266663	1.667659
1.269997	1.670525
1.273330	1.669888
1.276663	1.668296
1.279997	1.670844
1.283330	1.667341
1.286663	1.670525
1.289997	1.668614
1.293330	1.669251
1.296663	1.669251
1.299997	1.667659
1.303330	1.671799
1.306663	1.667659
1.309997	1.670207
1.313330	1.669251
1.316663	1.667977
1.319997	1.671162
1.323330	1.667022
1.326663	1.671162
1.329997	1.667977
1.333330	1.668933
1.336663	1.669251
1.339997	1.666704
1.343330	1.670207
1.346663	1.668296
1.349997	1.670207
1.353330	1.669251
1.356663	1.668614
1.359997	1.670525
1.363330	1.666385
1.366663	1.669888
1.369997	1.668296
1.373330	1.668933
1.376663	1.669251
1.379997	1.667022
1.383330	1.671162
1.386663	1.667022
1.389997	1.669251
1.393330	1.668614
1.396663	1.667022
1.399996	1.671162
1.403330	1.667341
1.406663	1.670844
1.409996	1.668614
1.413330	1.669888
1.416663	1.670525
1.419996	1.667659
1.423330	1.672117
1.426663	1.666704
1.429996	1.669888
1.433330	1.668296
1.436663	1.666704
1.439996	1.670525
1.443330	1.666704
1.446663	1.669251
1.449996	1.667659
1.453330	1.668614
1.456663	1.669251
1.459996	1.667341
1.463330	1.670525
1.466663	1.667341
1.469996	1.669570
1.473330	1.669251
1.476663	1.667977
1.479996	1.670844
1.483330	1.667022
1.486663	1.669570
1.489996	1.667341
1.493330	1.666704
1.496663	1.669570
1.499996	1.666385
1.503330	1.669570
1.506663	1.666704
1.509996	1.668296
1.513330	1.668614
1.516663	1.667022
1.519996	1.669888
1.523330	1.666385
1.526663	1.669251
1.529996	1.668933
1.533330	1.667659
1.536663	1.670844
1.539996	1.666385
1.543329	1.670525
1.546663	1.668296
1.549996	1.667977
1.553329	1.669570
1.556663	1.667022
1.559996	1.670525
1.563329	1.667341
1.566663	1.669888
1.569996	1.667659
1.573329	1.668296
1.576663	1.670525
1.579996	1.667341
1.583329	1.671480
1.586663	1.667659
1.589996	1.669570
1.593329	1.669251
1.596663	1.667022
1.599996	1.671162
1.603329	1.667022
1.606663	1.671162
1.609996	1.668933
1.613329	1.667341
1.616663	1.670207
1.619996	1.667659
1.623329	1.670844
1.626663	1.667341
1.629996	1.669251
1.633329	1.669570
1.636663	1.666704
1.639996	1.671480
1.643329	1.667659
1.646663	1.669570
1.649996	1.667977
1.653329	1.667977
1.656663	1.670525
1.659996	1.667022
1.663329	1.670844
1.666662	1.667341
1.669996	1.669570
1.673329	1.670844
1.676662	1.667022
1.679996	1.671799
1.683329	1.666704
1.686662	1.670844
1.689996	1.668614
1.693329	1.668614
1.696662	1.670207
1.699996	1.667022
1.703329	1.669888
1.706662	1.667977
1.709996	1.671162
1.713329	1.669888
1.716662	1.668296
1.719996	1.671480
1.723329	1.667341
1.726662	1.671480
1.729996	1.669570
1.733329	1.670207
1.736662	1.671162
1.739996	1.668296
1.743329	1.672436
1.746662	1.667341
1.749996	1.670207
1.753329	1.668933
1.756662	1.667977
1.759996	1.670525
1.763329	1.667659
1.766662	1.670207
1.769996	1.667341
1.773329	1.668933
1.776662	1.669888
1.779996	1.666067
1.783329	1.671480
1.786662	1.667659
1.789996	1.670525
1.793329	1.670207
1.796662	1.669251
1.799995	1.671480
1.803329	1.669888
1.806662	1.671799
1.809995	1.668614
1.813329	1.671799
1.816662	1.670207
1.819995	1.668614
1.823329	1.671480
1.826662	1.667659
1.829995	1.671162
1.833329	1.668296
1.836662	1.668933
1.839995	1.670207
1.843329	1.667022
1.846662	1.669888
1.849995	1.667341
1.853329	1.670525
1.856662	1.669570
1.859995	1.667977
1.863329	1.671162
1.866662	1.668614
1.869995	1.670844
1.873329	1.668933
1.876662	1.669251
1.879995	1.671480
1.883329	1.668933
1.886662	1.672436
1.889995	1.668296
1.893329	1.671162
1.896662	1.669888
1.899995	1.667659
1.903329	1.671480
1.906662	1.667659
1.909995	1.670844
1.913329	1.667977
1.916662	1.669251
1.919995	1.670525
1.923329	1.666704
1.926662	1.671480
1.929995	1.667659
1.933329	1.670525
1.936662	1.669570
1.939995	1.667341
1.943328	1.670844
1.946662	1.667341
1.949995	1.670844
1.953328	1.667659
1.956662	1.670207
1.959995	1.669570
1.963328	1.667022
1.966662	1.671162
1.969995	1.666704
1.973328	1.670525
1.976662	1.668933
1.979995	1.667977
1.983328	1.671162
1.986662	1.667659
1.989995	1.670844
1.993328	1.667977
1.996662	1.669251
1.999995	1.670207
2.003328	1.668296
2.006662	1.671799
2.009995	1.667022
2.013328	1.671162
2.016662	1.668614
2.019995	1.668614
2.023328	1.671480
2.026662	1.667341
2.029995	1.671799
2.033328	1.667977
2.036662	1.669251
2.039995	1.669888
2.043328	1.667659
2.046662	1.670207
2.049995	1.666704
2.053328	1.669570
2.056662	1.667022
2.059995	1.669251
2.063328	1.670207
2.066661	1.666704
2.069995	1.671480
2.073328	1.667341
2.076661	1.669570
2.079995	1.669251
2.083328	1.667022
2.086661	1.671480
2.089995	1.667022
2.093328	1.670844
2.096661	1.667977
2.099995	1.669251
2.103328	1.669888
2.106661	1.667341
2.109995	1.671799
2.113328	1.667341
2.116661	1.669888
2.119995	1.669251
2.123328	1.667659
2.126661	1.671162
2.129995	1.666704
2.133328	1.669888
2.136661	1.668933
2.139995	1.668296
2.143328	1.669888
2.146661	1.668296
2.149995	1.670844
2.153328	1.667341
2.156661	1.669570
2.159995	1.668614
2.163328	1.668933
2.166661	1.670525
2.169995	1.666704
2.173328	1.671799
2.176661	1.667977
2.179995	1.668614
2.183328	1.669888
2.186661	1.667977
2.189995	1.670525
2.193328	1.668296
2.196661	1.669888
2.199994	1.669888
2.203328	1.669251
2.206661	1.670525
2.209994	1.667022
2.213328	1.671799
2.216661	1.668614
2.219994	1.669888
2.223328	1.671480
2.226661	1.668614
2.229994	1.671480
2.233328	1.667977
2.236661	1.671480
2.239994	1.668296
2.243328	1.669570
2.246661	1.670844
2.249994	1.666704
2.253328	1.669888
2.256661	1.667022
2.259994	1.668933
2.263328	1.669251
2.266661	1.667022
2.269994	1.671799
2.273328	1.667022
2.276661	1.669251
2.279994	1.668614
2.283328	1.668933
2.286661	1.670525
2.289994	1.667977
2.293328	1.671799
2.296661	1.667659
2.299994	1.671480
2.303328	1.670844
2.306661	1.668933
2.309994	1.671799
2.313328	1.667341
2.316661	1.670844
2.319994	1.669251
2.323328	1.669888
2.326661	1.669570
2.329994	1.667659
2.333327	1.671162
2.336661	1.667341
2.339994	1.669251
2.343327	1.668933
2.346661	1.667659
2.349994	1.670844
2.353327	1.666704
2.356661	1.670844
2.359994	1.668296
2.363327	1.669251
2.366661	1.670525
2.369994	1.667977
2.373327	1.671799
2.376661	1.667659
2.379994	1.671799
2.383327	1.669570
2.386661	1.669888
2.389994	1.670844
2.393327	1.668614
2.396661	1.672436
2.399994	1.667659
2.403327	1.670207
2.406661	1.669888
2.409994	1.667659
2.413327	1.670207
2.416661	1.666704
2.419994	1.669888
2.423327	1.668296
2.426661	1.668614
2.429994	1.670207
2.433327	1.667659
2.436661	1.672117
2.439994	1.668296
2.443327	1.670844
2.446661	1.670207
2.449994	1.668614
2.453327	1.671799
2.456661	1.668296
2.459994	1.671480
2.463327	1.670207
2.466660	1.669888
2.469994	1.669888
2.473327	1.669251
2.476660	1.670844
2.479994	1.667022
2.483327	1.670525
2.486660	1.668614
2.489994	1.668614
2.493327	1.670525
2.496660	1.667659
2.499994	1.671480
2.503327	1.667977
2.506660	1.670207
2.509994	1.670207
2.513327	1.667341
2.516660	1.670525
2.519994	1.667977
2.523327	1.669888
2.526660	1.668614
2.529994	1.669570
2.533327	1.670844
2.536660	1.667341
2.539994	1.671799
2.543327	1.668933
2.546660	1.670207
2.549994	1.670207
2.553327	1.668296
2.556660	1.671480
2.559994	1.667977
2.563327	1.670844
2.566660	1.668614
2.569994	1.669888
2.573327	1.670844
2.576660	1.667659
2.579994	1.671799
2.583327	1.667022
2.586660	1.670207
2.589994	1.670844
2.593327	1.668296
2.596660	1.671480
2.599994	1.667659
2.603327	1.671799
2.606660	1.669251
2.609993	1.669570
2.613327	1.670844
2.616660	1.667659
2.619993	1.671799
2.623327	1.667659
2.626660	1.671480
2.629993	1.668933
2.633327	1.667977
2.636660	1.671162
2.639993	1.667977
2.643327	1.671480
2.646660	1.668296
2.649993	1.670207
2.653327	1.670207
2.656660	1.668614
2.659993	1.671480
2.663327	1.667341
2.666660	1.672117
2.669993	1.668614
2.673327	1.669888
2.676660	1.671162
2.679993	1.667659
2.683327	1.671799
2.686660	1.667022
2.689993	1.670207
2.693327	1.668933
2.696660	1.668614
2.699993	1.669888
2.703327	1.667022
2.706660	1.671480
2.709993	1.667659
2.713327	1.670525
2.716660	1.669570
2.719993	1.668614
2.723327	1.671480
2.726660	1.668614
2.729993	1.671480
2.733326	1.669570
2.736660	1.669251
2.739993	1.670525
2.743326	1.667659
2.746660	1.671799
2.749993	1.667977
2.753326	1.671162
2.756660	1.670207
2.759993	1.669251
2.763326	1.671799
2.766660	1.667341
2.769993	1.671480
2.773326	1.668933
2.776660	1.669570
2.779993	1.671162
2.783326	1.667341
2.786660	1.670844
2.789993	1.667977
2.793326	1.670525
2.796660	1.669251
2.799993	1.669888
2.803326	1.671162
2.806660	1.667341
2.809993	1.671480
2.813326	1.668296
2.816660	1.668933
2.819993	1.670525
2.823326	1.667977
2.826660	1.671162
2.829993	1.666704
2.833326	1.670844
2.836660	1.668933
2.839993	1.668933
2.843326	1.669888
2.846660	1.668296
2.849993	1.671480
2.853326	1.667659
2.856660	1.671480
2.859993	1.669570
2.863326	1.668933
2.866659	1.671799
2.869993	1.667977
2.873326	1.670844
2.876659	1.668933
2.879993	1.669888
2.883326	1.670844
2.886659	1.668614
2.889993	1.671799
2.893326	1.667341
2.896659	1.671162
2.899993	1.668614
2.903326	1.667977
2.906659	1.671480
2.909993	1.667341
2.913326	1.671480
2.916659	1.667659
2.919993	1.670207
2.923326	1.670525
2.926659	1.668933
2.929993	1.671162
2.933326	1.667341
2.936659	1.670525
2.939993	1.669251
2.943326	1.668933
2.946659	1.670525
2.949993	1.667022
2.953326	1.671162
2.956659	1.667977
2.959993	1.670207
2.963326	1.669888
2.966659	1.667659
2.969993	1.671162
2.973326	1.668296
2.976659	1.670207
2.979993	1.669251
2.983326	1.669570
2.986659	1.670525
2.989993	1.667022
2.993326	1.670844
2.996659	1.667022
2.999992	1.670207
3.003326	1.669251
3.006659	1.667977
3.009992	1.671480
3.013326	1.666704
3.016659	1.670207
3.019992	1.668296
3.023326	1.668614
3.026659	1.671162
3.029992	1.667341
3.033326	1.671162
3.036659	1.667341
3.039992	1.669570
3.043326	1.669570
3.046659	1.667341
3.049992	1.671480
3.053326	1.666385
3.056659	1.669251
3.059992	1.668296
3.063326	1.668296
3.066659	1.671162
3.069992	1.667341
3.073326	1.670525
3.076659	1.667341
3.079992	1.669888
3.083326	1.669251
3.086659	1.666704
3.089992	1.671162
3.093326	1.667022
3.096659	1.670525
3.099992	1.668614
3.103326	1.667341
3.106659	1.670525
3.109992	1.666704
3.113326	1.670207
3.116659	1.667659
3.119992	1.668933
3.123326	1.669888
3.126659	1.667341
3.129992	1.670844
3.133325	1.666067
3.136659	1.668614
3.139992	1.667659
3.143325	1.668296
3.146659	1.670844
3.149992	1.668614
3.153325	1.671799
3.156659	1.668296
3.159992	1.668933
3.163325	1.669570
3.166659	1.668296
3.169992	1.670525
3.173325	1.666704
3.176659	1.669888
3.179992	1.668614
3.183325	1.667022
3.186659	1.669888
3.189992	1.666385
3.193325	1.670207
3.196659	1.667022
3.199992	1.667341
3.203325	1.668933
3.206659	1.666385
3.209992	1.670207
3.213325	1.667341
3.216659	1.667977
3.219992	1.669251
3.223325	1.668296
3.226659	1.670525
3.229992	1.665111
3.233325	1.669570
3.236659	1.667659
3.239992	1.665430
3.243325	1.669570
3.246659	1.664156
3.249992	1.670207
3.253325	1.665111
3.256659	1.667659
3.259992	1.669251
3.263325	1.665430
3.266658	1.669888
3.269992	1.666385
3.273325	1.667977
3.276658	1.667022
3.279992	1.667659
3.283325	1.669570
3.286658	1.665430
3.289992	1.670525
3.293325	1.667659
3.296658	1.667341
3.299992	1.669888
3.303325	1.666385
3.306658	1.669570
3.309992	1.667659
3.313325	1.668614
3.316658	1.668296
3.319992	1.666704
3.323325	1.669888
3.326658	1.667022
3.329992	1.667977
3.333325	1.666385
3.336658	1.666385
3.339992	1.669251
3.343325	1.665111
3.346658	1.668614
3.349992	1.667341
3.353325	1.666385
3.356658	1.669888
3.359992	1.665748
3.363325	1.668933
3.366658	1.666385
3.369992	1.667659
3.373325	1.669251
3.376658	1.666385
3.379992	1.670207
3.383325	1.666067
3.386658	1.669570
3.389992	1.668614
3.393325	1.667659
3.396658	1.670844
3.399991	1.665430
3.403325	1.669888
3.406658	1.666385
3.409991	1.667022
3.413325	1.668614
3.416658	1.666385
3.419991	1.669888
3.423325	1.667659
3.426658	1.667022
3.429991	1.669251
3.433325	1.666704
3.436658	1.669570
3.439991	1.666704
3.443325	1.668933
3.446658	1.667341
3.449991	1.666385
3.453325	1.670844
3.456658	1.667022
3.459991	1.669888
3.463325	1.667977
3.466658	1.668614
3.469991	1.670525
3.473325	1.667022
3.476658	1.669888
3.479991	1.667022
3.483325	1.668933
3.486658	1.669570
3.489991	1.666385
3.493325	1.670844
3.496658	1.666067
3.499991	1.669251
3.503325	1.667977
3.506658	1.666704
3.509991	1.670525
3.513325	1.666385
3.516658	1.669570
3.519991	1.667341
3.523325	1.668296
3.526658	1.669570
3.529991	1.667022
3.533324	1.670844
3.536658	1.667341
3.539991	1.670207
3.543324	1.668614
3.546658	1.668933
3.549991	1.671480
3.553324	1.665748
3.556658	1.670525
3.559991	1.667659
3.563324	1.668933
3.566658	1.669888
3.569991	1.667659
3.573324	1.670207
3.576658	1.667022
3.579991	1.669251
3.583324	1.667977
3.586658	1.668933
3.589991	1.670844
3.593324	1.666067
3.596658	1.670207
3.599991	1.667977
3.603324	1.668296
3.606658	1.669888
3.609991	1.666704
3.613324	1.671162
3.616658	1.667659
3.619991	1.669570
3.623324	1.667659
3.626658	1.667659
3.629991	1.670207
3.633324	1.665430
3.636658	1.669888
3.639991	1.667022
3.643324	1.667977
3.646658	1.669888
3.649991	1.666704
3.653324	1.671162
3.656658	1.667022
3.659991	1.669251
3.663324	1.670525
3.666657	1.667022
3.669991	1.671162
3.673324	1.666067
3.676657	1.670207
3.679991	1.668614
3.683324	1.667659
3.686657	1.669251
3.689991	1.665430
3.693324	1.669888
3.696657	1.666067
3.699991	1.667341
3.703324	1.667659
3.706657	1.666704
3.709991	1.670207
3.713324	1.667022
3.716657	1.669570
3.719991	1.669251
3.723324	1.668933
3.726657	1.669888
3.729991	1.667659
3.733324	1.671480
3.736657	1.667022
3.739991	1.670207
3.743324	1.670207
3.746657	1.667659
3.749991	1.671480
3.753324	1.666385
3.756657	1.669888
3.759991	1.669251
3.763324	1.667341
3.766657	1.670525
3.769991	1.665430
3.773324	1.669570
3.776657	1.666704
3.779991	1.667341
3.783324	1.668933
3.786657	1.667341
3.789991	1.671162
3.793324	1.666704
3.796657	1.669570
3.799990	1.669888
3.803324	1.668933
3.806657	1.671162
3.809990	1.667659
3.813324	1.671162
3.816657	1.668296
3.819990	1.668296
3.823324	1.670844
3.826657	1.668296
3.829990	1.670844
3.833324	1.667341
3.836657	1.670207
3.839990	1.668933
3.843324	1.667341
3.846657	1.670844
3.849990	1.665430
3.853324	1.671162
3.856657	1.667022
3.859990	1.668933
3.863324	1.669570
3.866657	1.668933
3.869990	1.670207
3.873324	1.667341
3.876657	1.670844
3.879990	1.668933
3.883324	1.669570
3.886657	1.670844
3.889990	1.667659
3.893324	1.671480
3.896657	1.667659
3.899990	1.669570
3.903324	1.670525
3.906657	1.667659
3.909990	1.670844
3.913324	1.666385
3.916657	1.669888
3.919990	1.668614
3.923324	1.668296
3.926657	1.670207
3.929990	1.666704
3.933323	1.669888
3.936657	1.666704
3.939990	1.670525
3.943323	1.670844
3.946657	1.667341
3.949990	1.672117
3.953323	1.668614
3.956657	1.671162
3.959990	1.669888
3.963323	1.669570
3.966657	1.671480
3.969990	1.668933
3.973323	1.671480
3.976657	1.667341
3.979990	1.669888
3.983323	1.670207
3.986657	1.668933
3.989990	1.671162
3.993323	1.667977
3.996657	1.671480
3.999990	1.666704
4.003323	1.669251
4.006657	1.670844
4.009990	1.666704
4.013323	1.669888
4.016657	1.667659
4.019990	1.670844
4.023323	1.669888
4.026657	1.668296
4.029990	1.671480
4.033323	1.667341
4.036657	1.671799
4.039990	1.669251
4.043323	1.671162
4.046657	1.671799
4.049990	1.667659
4.053323	1.672117
4.056657	1.669251
4.059990	1.671162
4.063323	1.669251
4.066656	1.669251
4.069990	1.670525
4.073323	1.667022
4.076656	1.670207
4.079990	1.667659
4.083323	1.669251
4.086656	1.668933
4.089990	1.667341
4.093323	1.671162
4.096656	1.666385
4.099990	1.670207
4.103323	1.669570
4.106656	1.669251
4.109990	1.670844
4.113323	1.669570
4.116656	1.672754
4.119990	1.667977
4.123323	1.671799
4.126656	1.670844
4.129990	1.668296
4.133323	1.671799
4.136656	1.667659
4.139990	1.672117
4.143323	1.667977
4.146656	1.669888
4.149990	1.669888
4.153323	1.668296
4.156656	1.670207
4.159990	1.667022
4.163323	1.669251
4.166656	1.668296
4.169990	1.668614
4.173323	1.671480
4.176656	1.666067
4.179990	1.671480
4.183323	1.668933
4.186656	1.670207
4.189990	1.670844
4.193323	1.669251
4.196656	1.671799
4.199990	1.669251
4.203323	1.671799
4.206656	1.668933
4.209989	1.670525
4.213323	1.670844
4.216656	1.668614
4.219989	1.671799
4.223323	1.667977
4.226656	1.671162
4.229989	1.668933
4.233323	1.667659
4.236656	1.671480
4.239989	1.666704
4.243323	1.670525
4.246656	1.667341
4.249989	1.668933
4.253323	1.670207
4.256656	1.668296
4.259989	1.671480
4.263323	1.667977
4.266656	1.671480
4.269989	1.669888
4.273323	1.669888
4.276656	1.671799
4.279989	1.667022
4.283323	1.671799
4.286656	1.669888
4.289989	1.670207
4.293323	1.670207
4.296656	1.668933
4.299989	1.671162
4.303323	1.667659
4.306656	1.671480
4.309989	1.666704
4.313323	1.669570
4.316656	1.670207
4.319989	1.667659
4.323323	1.671480
4.326656	1.666385
4.329989	1.668614
4.333322	1.669888
4.336656	1.668296
4.339989	1.670525
4.343322	1.667341
4.346656	1.670844
4.349989	1.668614
4.353322	1.670207
4.356656	1.670844
4.359989	1.668296
4.363322	1.671799
4.366656	1.668296
4.369989	1.670844
4.373322	1.668933
4.376656	1.667977
4.379989	1.670525
4.383322	1.667022
4.386656	1.670525
4.389989	1.667341
4.393322	1.668614
4.396656	1.668614
4.399989	1.667659
4.403322	1.669888
4.406656	1.666704
4.409989	1.669570
4.413322	1.667977
4.416656	1.667659
4.419989	1.671162
4.423322	1.667022
4.426656	1.671799
4.429989	1.668296
4.433322	1.668933
4.436656	1.669888
4.439989	1.667977
4.443322	1.671162
4.446656	1.667977
4.449989	1.670844
4.453322	1.667659
4.456656	1.668933
4.459989	1.670525
4.463322	1.667022
4.466655	1.671162
4.469989	1.667341
4.473322	1.669570
4.476655	1.669570
4.479989	1.667659
4.483322	1.671480
4.486655	1.667022
4.489989	1.668614
4.493322	1.668296
4.496655	1.668933
4.499989	1.670844
4.503322	1.667341
4.506655	1.671799
4.509989	1.667977
4.513322	1.669570
4.516655	1.670525
4.519989	1.667341
4.523322	1.671480
4.526655	1.667659
4.529989	1.670844
4.533322	1.668933
4.536655	1.667341
4.539989	1.670207
4.543322	1.667341
4.546655	1.670844
4.549989	1.666385
4.553322	1.669888
4.556655	1.669251
4.559989	1.667022
4.563322	1.671162
4.566655	1.666704
4.569989	1.669570
4.573322	1.669251
4.576655	1.668296
4.579989	1.671480
4.583322	1.667659
4.586655	1.670207
4.589989	1.668296
4.593322	1.670207
4.596655	1.669888
4.599988	1.667022
4.603322	1.672436
4.606655	1.667659
4.609988	1.670844
4.613322	1.668614
4.616655	1.669251
4.619988	1.671162
4.623322	1.666067
4.626655	1.670207
4.629988	1.666704
4.633322	1.669251
4.636655	1.668933
4.639988	1.667341
4.643322	1.671162
4.646655	1.666067
4.649988	1.670525
4.653322	1.667977
4.656655	1.668296
4.659988	1.671799
4.663322	1.666385
4.666655	1.670525
4.669988	1.667977
4.673322	1.668296
4.676655	1.669888
4.679988	1.667341
4.683322	1.670844
4.686655	1.668296
4.689988	1.669888
4.693322	1.668296
4.696655	1.667977
4.699988	1.670207
4.703322	1.667022
4.706655	1.671480
4.709988	1.668296
4.713322	1.668614
4.716655	1.669570
4.719988	1.668614
4.723322	1.669888
4.726655	1.667341
4.729988	1.670844
4.733321	1.668296
4.736655	1.669888
4.739988	1.670525
4.743321	1.667341
4.746655	1.671480
4.749988	1.667341
4.753321	1.669570
4.756655	1.670207
4.759988	1.668296
4.763321	1.671480
4.766655	1.667022
4.769988	1.670844
4.773321	1.668933
4.776655	1.669570
4.779988	1.669888
4.783321	1.666385
4.786655	1.670844
4.789988	1.667341
4.793321	1.668933
4.796655	1.669888
4.799988	1.667022
4.803321	1.671162
4.806655	1.665430
4.809988	1.669251
4.813321	1.668933
4.816655	1.668614
4.819988	1.669888
4.823321	1.667341
4.826655	1.671162
4.829988	1.668296
4.833321	1.669570
4.836655	1.668933
4.839988	1.668296
4.843321	1.671480
4.846655	1.666385
4.849988	1.670525
4.853321	1.669251
4.856655	1.668614
4.859988	1.669570
4.863321	1.668296
4.866655	1.670525
4.869988	1.667022
4.873321	1.667977
4.876654	1.668296
4.879988	1.667022
4.883321	1.670844
4.886654	1.666704
4.889988	1.670844
4.893321	1.668933
4.896654	1.668296
4.899988	1.670844
4.903321	1.667022
4.906654	1.671480
4.909988	1.669251
4.913321	1.669251
4.916654	1.669888
4.919988	1.668296
4.923321	1.670844
4.926654	1.667659
4.929988	1.670844
4.933321	1.668614
4.936654	1.669570
4.939988	1.669888
4.943321	1.666704
4.946654	1.671480
4.949988	1.667977
4.953321	1.668933
4.956654	1.669251
4.959988	1.666385
4.963321	1.670207
4.966654	1.667022
4.969988	1.670844
4.973321	1.667659
4.976654	1.668296
4.979988	1.670844
4.983321	1.665430
4.986654	1.671162
4.989988	1.667022
4.993321	1.669251
4.996654	1.668933

