   1.0658422e+01   1.8989996e+00  -7.1449000e+01
   1.0819343e+01   1.5875209e+00  -6.9804000e+01
   1.0841507e+01   1.5901909e+00  -6.8159000e+01
   1.0867592e+01   1.5920354e+00  -6.6514000e+01
   1.0899582e+01   1.5945568e+00  -6.4869000e+01
   1.0914294e+01   1.6062772e+00  -6.3224000e+01
   1.0938512e+01   1.6176835e+00  -6.1579000e+01
   1.0998990e+01   1.6312114e+00  -5.9935000e+01
   1.1026191e+01   1.6419842e+00  -5.8290000e+01
   1.1037614e+01   1.6689310e+00  -5.6645000e+01
   1.1129360e+01   1.6888466e+00  -5.5000000e+01
   1.1190548e+01   1.7116241e+00  -5.3355000e+01
   1.1251615e+01   1.7584783e+00  -5.1710000e+01
   1.1283155e+01   1.8160370e+00  -5.0065000e+01
   1.1365784e+01   1.9033782e+00  -4.8421000e+01
   1.1491202e+01   2.0289452e+00  -4.6776000e+01
   1.1593954e+01   2.2001314e+00  -4.5131000e+01
   1.1552670e+01   2.3993777e+00  -4.3486000e+01
   1.1231320e+01   2.6875288e+00  -4.1841000e+01
   1.0091765e+01   3.2413392e+00  -4.0196000e+01
   7.6768276e+00   3.7245101e+00  -3.8551000e+01
   5.0757828e+00   4.4085850e+00  -3.6907000e+01
   2.9378824e+00   4.6425745e+00  -3.5262000e+01
   1.1142506e+00   4.4513402e+00  -3.3617000e+01
   5.3313311e-01   4.4708388e+00  -3.1972000e+01
   1.4094855e+00   4.1995697e+00  -3.0327000e+01
   2.3859086e+00   3.6968941e+00  -2.8682000e+01
   3.0624135e+00   3.3366505e+00  -2.7037000e+01
   3.2815004e+00   3.0582573e+00  -2.5393000e+01
   3.2325186e+00   3.1766012e+00  -2.3748000e+01
   3.0208399e+00   3.0579766e+00  -2.2103000e+01
   2.6489531e+00   3.2141629e+00  -2.0458000e+01
   2.1921382e+00   3.3866340e+00  -1.8813000e+01
   1.7800046e+00   3.3325719e+00  -1.7168000e+01
   1.7629963e+00   3.3842205e+00  -1.5523000e+01
   1.9952501e+00   3.4459690e+00  -1.3879000e+01
   2.4146879e+00   3.3805491e+00  -1.2234000e+01
   3.1548893e+00   3.3622101e+00  -1.0589000e+01
   3.8280943e+00   3.4071489e+00  -8.9440000e+00
   4.4561852e+00   3.2021668e+00  -7.2990000e+00
   5.1481767e+00   2.9441707e+00  -5.6540000e+00
   6.2533743e+00   2.9700016e+00  -4.0090000e+00
   7.1083213e+00   3.0164400e+00  -2.3640000e+00
   7.8789048e+00   2.9072488e+00  -7.2000000e-01
   8.7560336e+00   2.8355458e+00   9.2500000e-01
   9.7158010e+00   2.6395249e+00   2.5700000e+00
   1.0503200e+01   2.4642999e+00   4.2150000e+00
   1.0981122e+01   2.2978537e+00   5.8600000e+00
   1.1315682e+01   2.1436242e+00   7.5050000e+00
   1.1432865e+01   1.9857576e+00   9.1500000e+00
   1.1448799e+01   1.8681206e+00   1.0794000e+01
   1.1400252e+01   1.8104169e+00   1.2439000e+01
   1.1417337e+01   1.7738498e+00   1.4084000e+01
   1.1389590e+01   1.7456773e+00   1.5729000e+01
   1.1349828e+01   1.7173541e+00   1.7374000e+01
   1.1340433e+01   1.6929600e+00   1.9019000e+01
   1.1305298e+01   1.6748170e+00   2.0664000e+01
   1.1267603e+01   1.6608823e+00   2.2308000e+01
   1.1281830e+01   1.6539949e+00   2.3953000e+01
   1.1270068e+01   1.6499912e+00   2.5598000e+01
   1.1214536e+01   1.6328511e+00   2.7243000e+01
   1.1180275e+01   1.6274419e+00   2.8888000e+01
   1.1151157e+01   1.6239206e+00   3.0533000e+01
   1.1149731e+01   1.6191754e+00   3.2178000e+01
   1.1133826e+01   1.6130337e+00   3.3822000e+01
   1.1083188e+01   1.6102474e+00   3.5467000e+01
   1.1035961e+01   1.5996973e+00   3.7112000e+01
   1.1034548e+01   1.5989769e+00   3.8757000e+01
   1.1005419e+01   1.5949859e+00   4.0402000e+01
   1.0992454e+01   1.5893960e+00   4.2047000e+01
   1.0999839e+01   1.5924220e+00   4.3692000e+01
   1.0976935e+01   1.5874950e+00   4.5336000e+01
   1.0932460e+01   1.5788494e+00   4.6981000e+01
   1.0926880e+01   1.5807959e+00   4.8626000e+01
   1.0930294e+01   1.5812020e+00   5.0271000e+01
   1.0955406e+01   1.5889284e+00   5.1916000e+01
   9.7064544e+00   3.7745856e+00   5.3561000e+01
