   9.8310422e+00   2.5543260e-01  -7.1449000e+01
   9.9548542e+00   2.2756675e-01  -6.9804000e+01
   9.9075615e+00   2.0747350e-01  -6.8159000e+01
   9.9306662e+00   2.3999306e-01  -6.6514000e+01
   9.9160717e+00   2.3251022e-01  -6.4869000e+01
   9.9155384e+00   1.9808656e-01  -6.3224000e+01
   9.8673302e+00   2.2150758e-01  -6.1579000e+01
   9.8024954e+00   1.9344320e-01  -5.9935000e+01
   9.8617925e+00   2.0431841e-01  -5.8290000e+01
   9.8229189e+00   2.3463799e-01  -5.6645000e+01
   9.8212909e+00   2.6091262e-01  -5.5000000e+01
   9.8456208e+00   2.8709383e-01  -5.3355000e+01
   9.8672248e+00   2.4677283e-01  -5.1710000e+01
   9.7436718e+00   2.8769124e-01  -5.0065000e+01
   9.7815821e+00   2.3692223e-01  -4.8421000e+01
   9.7100009e+00   2.4603072e-01  -4.6776000e+01
   9.6637342e+00   2.1693453e-01  -4.5131000e+01
   9.6630641e+00   2.5557667e-01  -4.3486000e+01
   9.7441657e+00   2.0359437e-01  -4.1841000e+01
   9.7328526e+00   2.3351989e-01  -4.0196000e+01
   9.7123899e+00   2.2300081e-01  -3.8551000e+01
   9.6229087e+00   2.2591317e-01  -3.6907000e+01
   9.6065749e+00   2.1110060e-01  -3.5262000e+01
   9.5916101e+00   2.4242879e-01  -3.3617000e+01
   9.5709842e+00   2.2204753e-01  -3.1972000e+01
   9.5981349e+00   2.6344020e-01  -3.0327000e+01
   9.4654286e+00   3.0028663e-01  -2.8682000e+01
   9.4426447e+00   3.4141230e-01  -2.7037000e+01
   9.4851770e+00   4.6059063e-01  -2.5393000e+01
   9.3299153e+00   6.6912076e-01  -2.3748000e+01
   9.1180168e+00   1.0486085e+00  -2.2103000e+01
   8.5097456e+00   1.4332552e+00  -2.0458000e+01
   8.2852467e+00   1.8435062e+00  -1.8813000e+01
   8.2782440e+00   2.0103386e+00  -1.7168000e+01
   8.8237567e+00   1.9367628e+00  -1.5523000e+01
   9.0314783e+00   1.9170260e+00  -1.3879000e+01
   9.3386409e+00   1.3581004e+00  -1.2234000e+01
   9.5583644e+00   8.2264717e-01  -1.0589000e+01
   9.6463946e+00   5.6741926e-01  -8.9440000e+00
   9.7225145e+00   4.0546689e-01  -7.2990000e+00
   9.6750635e+00   3.5469331e-01  -5.6540000e+00
   9.5672629e+00   2.5886385e-01  -4.0090000e+00
   9.6235773e+00   2.1770853e-01  -2.3640000e+00
   9.6933576e+00   1.9382198e-01  -7.2000000e-01
   9.6967828e+00   2.4288843e-01   9.2500000e-01
   9.7071793e+00   2.5580322e-01   2.5700000e+00
   9.6887929e+00   1.9315943e-01   4.2150000e+00
   9.7178984e+00   1.4388739e-01   5.8600000e+00
   9.6866469e+00   2.1942342e-01   7.5050000e+00
   9.6939021e+00   2.7700309e-01   9.1500000e+00
   9.7432351e+00   1.9996871e-01   1.0794000e+01
   9.7618013e+00   2.3976742e-01   1.2439000e+01
   9.8326495e+00   2.3131584e-01   1.4084000e+01
   9.8120574e+00   1.7361271e-01   1.5729000e+01
   9.8116539e+00   2.3364799e-01   1.7374000e+01
   9.8186265e+00   2.0402554e-01   1.9019000e+01
   9.7772154e+00   2.1660166e-01   2.0664000e+01
   9.8322136e+00   2.1597700e-01   2.2308000e+01
   9.8044120e+00   1.9260154e-01   2.3953000e+01
   9.7586347e+00   1.8849869e-01   2.5598000e+01
   9.8206622e+00   2.1371852e-01   2.7243000e+01
   9.7867320e+00   2.2908247e-01   2.8888000e+01
   9.7817111e+00   1.9224752e-01   3.0533000e+01
   9.7963637e+00   2.0358499e-01   3.2178000e+01
   9.8353460e+00   2.0344025e-01   3.3822000e+01
   9.8636935e+00   1.5633722e-01   3.5467000e+01
   9.8581234e+00   1.9780811e-01   3.7112000e+01
   9.8837222e+00   1.6141305e-01   3.8757000e+01
   9.8437378e+00   1.8213566e-01   4.0402000e+01
   9.8268972e+00   1.6328841e-01   4.2047000e+01
   9.8252088e+00   1.7783947e-01   4.3692000e+01
   9.8323677e+00   1.7061880e-01   4.5336000e+01
   9.8721522e+00   1.6455688e-01   4.6981000e+01
   9.9230998e+00   1.5937216e-01   4.8626000e+01
   9.9162141e+00   1.9363525e-01   5.0271000e+01
   9.8716315e+00   1.7630781e-01   5.1916000e+01
   9.9094033e+00   1.5780508e-01   5.3561000e+01
