   9.6333157e+00   2.0398050e-01  -7.1449000e+01
   9.6686018e+00   2.0432689e-01  -6.9804000e+01
   9.6849023e+00   2.1392071e-01  -6.8159000e+01
   9.6824626e+00   2.3188483e-01  -6.6514000e+01
   9.5808268e+00   1.9860334e-01  -6.4869000e+01
   9.6471668e+00   2.3500300e-01  -6.3224000e+01
   9.6175807e+00   2.1021284e-01  -6.1579000e+01
   9.5105486e+00   2.1848841e-01  -5.9935000e+01
   9.5762706e+00   2.1191812e-01  -5.8290000e+01
   9.6046244e+00   2.4454970e-01  -5.6645000e+01
   9.5903611e+00   2.2146056e-01  -5.5000000e+01
   9.5788451e+00   2.0091250e-01  -5.3355000e+01
   9.6311086e+00   2.0247209e-01  -5.1710000e+01
   9.6222129e+00   1.5335780e-01  -5.0065000e+01
   9.6321779e+00   1.6763007e-01  -4.8421000e+01
   9.6103706e+00   1.9516194e-01  -4.6776000e+01
   9.5606159e+00   2.1851248e-01  -4.5131000e+01
   9.5775928e+00   2.3048846e-01  -4.3486000e+01
   9.5425824e+00   1.8319269e-01  -4.1841000e+01
   9.5478479e+00   2.0874568e-01  -4.0196000e+01
   9.5758509e+00   2.2226898e-01  -3.8551000e+01
   9.5944415e+00   2.0891331e-01  -3.6907000e+01
   9.5701581e+00   2.0347636e-01  -3.5262000e+01
   9.6568531e+00   2.0372038e-01  -3.3617000e+01
   9.5995011e+00   1.8258861e-01  -3.1972000e+01
   9.6026166e+00   3.0794669e-01  -3.0327000e+01
   9.4764063e+00   5.1748757e-01  -2.8682000e+01
   7.7105410e+00   9.0725644e-01  -2.7037000e+01
   7.1932716e+00   9.5273310e-01  -2.5393000e+01
   7.4565174e+00   9.1169534e-01  -2.3748000e+01
   8.3145526e+00   8.0577351e-01  -2.2103000e+01
   9.4428992e+00   3.7957212e-01  -2.0458000e+01
   9.6440276e+00   3.6256532e-01  -1.8813000e+01
   9.7265271e+00   1.9103527e-01  -1.7168000e+01
   9.6926246e+00   1.7676803e-01  -1.5523000e+01
   9.6983685e+00   1.7262430e-01  -1.3879000e+01
   9.7206965e+00   1.8255987e-01  -1.2234000e+01
   9.7299489e+00   1.9816639e-01  -1.0589000e+01
   9.7459141e+00   2.0812050e-01  -8.9440000e+00
   9.7688558e+00   2.0779261e-01  -7.2990000e+00
   9.7984730e+00   1.9481593e-01  -5.6540000e+00
   9.8423522e+00   1.5066730e-01  -4.0090000e+00
   9.8531211e+00   2.0149627e-01  -2.3640000e+00
   9.8549836e+00   2.1469466e-01  -7.2000000e-01
   9.8915646e+00   2.1142719e-01   9.2500000e-01
   9.9130924e+00   2.0259179e-01   2.5700000e+00
   9.8813290e+00   2.1104196e-01   4.2150000e+00
   9.8729810e+00   1.8397204e-01   5.8600000e+00
   9.9357308e+00   1.9330353e-01   7.5050000e+00
   9.9784058e+00   1.7336095e-01   9.1500000e+00
   9.9952237e+00   1.7128311e-01   1.0794000e+01
   9.9496322e+00   2.2848243e-01   1.2439000e+01
   1.0009082e+01   1.8081193e-01   1.4084000e+01
   9.9806800e+00   2.0668901e-01   1.5729000e+01
   9.9994954e+00   2.1361198e-01   1.7374000e+01
   1.0028356e+01   2.0505273e-01   1.9019000e+01
   1.0085993e+01   2.0954146e-01   2.0664000e+01
   1.0109938e+01   1.9771814e-01   2.2308000e+01
   1.0139708e+01   1.9677894e-01   2.3953000e+01
   1.0142030e+01   2.2031249e-01   2.5598000e+01
   1.0117316e+01   2.1035496e-01   2.7243000e+01
   1.0105692e+01   1.7927839e-01   2.8888000e+01
   1.0123281e+01   1.7684170e-01   3.0533000e+01
   1.0162886e+01   2.0116525e-01   3.2178000e+01
   1.0142185e+01   1.9433974e-01   3.3822000e+01
   1.0183165e+01   1.5068908e-01   3.5467000e+01
   1.0170397e+01   1.2836915e-01   3.7112000e+01
   1.0122056e+01   1.8899711e-01   3.8757000e+01
   1.0098556e+01   1.9184388e-01   4.0402000e+01
   1.0125000e+01   1.4191057e-01   4.2047000e+01
   1.0106144e+01   1.8668526e-01   4.3692000e+01
   1.0162444e+01   1.7145423e-01   4.5336000e+01
   1.0221997e+01   1.5320914e-01   4.6981000e+01
   1.0158520e+01   1.8433359e-01   4.8626000e+01
   1.0153080e+01   1.7610783e-01   5.0271000e+01
   1.0232041e+01   1.5569569e-01   5.1916000e+01
   1.0209881e+01   1.1885832e-01   5.3561000e+01
