   1.0877854e+01   1.1245864e+00   5.3355000e+01
   1.1035841e+01   3.3002735e-01   5.1710000e+01
   1.1063741e+01   3.2541018e-01   5.0065000e+01
   1.1088393e+01   3.1689701e-01   4.8421000e+01
   1.1118264e+01   3.1105672e-01   4.6776000e+01
   1.1134941e+01   3.5684517e-01   4.5131000e+01
   1.1158522e+01   3.8988628e-01   4.3486000e+01
   1.1218682e+01   4.1163676e-01   4.1841000e+01
   1.1251241e+01   4.3752177e-01   4.0196000e+01
   1.1261958e+01   5.2662764e-01   3.8551000e+01
   1.1354558e+01   5.4962620e-01   3.6907000e+01
   1.1418191e+01   5.9235781e-01   3.5262000e+01
   1.1476769e+01   6.9715736e-01   3.3617000e+01
   1.1509221e+01   8.2783471e-01   3.1972000e+01
   1.1594780e+01   9.8461184e-01   3.0327000e+01
   1.1726266e+01   1.1866511e+00   2.8682000e+01
   1.1830785e+01   1.4468741e+00   2.7037000e+01
   1.1789209e+01   1.7474588e+00   2.5393000e+01
   1.1464826e+01   2.1589574e+00   2.3748000e+01
   1.0327146e+01   2.9109963e+00   2.2103000e+01
   7.8962741e+00   3.5866953e+00   2.0458000e+01
   5.2197669e+00   4.3617785e+00   1.8813000e+01
   2.9952649e+00   4.6382188e+00   1.7168000e+01
   1.1271612e+00   4.4605056e+00   1.5523000e+01
   5.3775040e-01   4.5021561e+00   1.3879000e+01
   1.4378756e+00   4.2288078e+00   1.2234000e+01
   2.4146998e+00   3.7251378e+00   1.0589000e+01
   3.1086339e+00   3.3833892e+00   8.9440000e+00
   3.3329046e+00   3.0998123e+00   7.2990000e+00
   3.2975914e+00   3.1637423e+00   5.6540000e+00
   3.1075751e+00   3.0454018e+00   4.0090000e+00
   2.6989262e+00   3.1978003e+00   2.3640000e+00
   2.2404292e+00   3.3798036e+00   7.2000000e-01
   1.8282224e+00   3.3301013e+00  -9.2500000e-01
   1.8231456e+00   3.3976774e+00  -2.5700000e+00
   2.0643846e+00   3.4660914e+00  -4.2150000e+00
   2.4934290e+00   3.4003111e+00  -5.8600000e+00
   3.2334890e+00   3.3680410e+00  -7.5050000e+00
   3.9069845e+00   3.4050986e+00  -9.1500000e+00
   4.5580444e+00   3.1685264e+00  -1.0794000e+01
   5.2483605e+00   2.8673835e+00  -1.2439000e+01
   6.3552578e+00   2.8771387e+00  -1.4084000e+01
   7.2413931e+00   2.8593304e+00  -1.5729000e+01
   8.0387110e+00   2.6826574e+00  -1.7374000e+01
   8.9468407e+00   2.5493179e+00  -1.9019000e+01
   9.9176998e+00   2.2513516e+00  -2.0664000e+01
   1.0716615e+01   1.9569770e+00  -2.2308000e+01
   1.1214186e+01   1.6824022e+00  -2.3953000e+01
   1.1551449e+01   1.4052779e+00  -2.5598000e+01
   1.1674770e+01   1.1215976e+00  -2.7243000e+01
   1.1686233e+01   8.8920357e-01  -2.8888000e+01
   1.1634901e+01   7.7555389e-01  -3.0533000e+01
   1.1651575e+01   6.7960209e-01  -3.2178000e+01
   1.1622482e+01   6.1324975e-01  -3.3822000e+01
   1.1584395e+01   5.4690093e-01  -3.5467000e+01
   1.1572388e+01   4.6665816e-01  -3.7112000e+01
   1.1536670e+01   4.1404777e-01  -3.8757000e+01
   1.1495010e+01   3.7933533e-01  -4.0402000e+01
   1.1510273e+01   3.3721687e-01  -4.2047000e+01
   1.1499573e+01   3.2367015e-01  -4.3692000e+01
   1.1444841e+01   2.7253734e-01  -4.5336000e+01
   1.1410831e+01   2.7090227e-01  -4.6981000e+01
   1.1377536e+01   2.7493358e-01  -4.8626000e+01
   1.1376744e+01   2.4482494e-01  -5.0271000e+01
   1.1362536e+01   2.1594095e-01  -5.1916000e+01
   1.1311869e+01   2.4842029e-01  -5.3561000e+01
   1.1263588e+01   2.2180352e-01  -5.5206000e+01
   1.1261228e+01   2.1754045e-01  -5.6850000e+01
   1.1231408e+01   2.1867129e-01  -5.8495000e+01
   1.1219304e+01   1.8984000e-01  -6.0140000e+01
   1.1225755e+01   2.0591795e-01  -6.1785000e+01
   1.1202963e+01   1.9152699e-01  -6.3430000e+01
   1.1157888e+01   1.7279699e-01  -6.5075000e+01
   1.1150648e+01   1.9515171e-01  -6.6720000e+01
   1.1156083e+01   1.9493615e-01  -6.8364000e+01
   1.1181769e+01   2.2753172e-01  -7.0009000e+01
   9.9285365e+00   3.5119543e+00  -7.1654000e+01
