LabVIEW Measurement	
Writer_Version	2
Reader_Version	2
Separator	Tab
Decimal_Separator	.
Multi_Headings	Yes
X_Columns	One
Time_Pref	Absolute
Operator	labuser
Date	2019/05/16
Time	10:53:58.158709024999919809
***End_of_Header***	
	
Channels	1	
Samples	1500	
Date	2019/05/16	
Time	11:09:35.3274165249998324533	
Y_Unit_Label	Volts	
X_Dimension	Time	
X0	0.0000000000000000E+0	
Delta_X	0.003333	
***End_of_Header***		
X_Value	Voltage	Comment
0.000000	1.706511
0.003333	1.701097
0.006667	1.705237
0.010000	1.709058
0.013333	1.705555
0.016667	1.699823
0.020000	1.700460
0.023333	1.708103
0.026667	1.710651
0.030000	1.707466
0.033333	1.700779
0.036667	1.705555
0.040000	1.707785
0.043333	1.709695
0.046667	1.705555
0.050000	1.701097
0.053333	1.707785
0.056667	1.708740
0.060000	1.707148
0.063333	1.703645
0.066666	1.706192
0.070000	1.709058
0.073333	1.704918
0.076666	1.702371
0.080000	1.704600
0.083333	1.709058
0.086666	1.702689
0.090000	1.705237
0.093333	1.705555
0.096666	1.709377
0.100000	1.709058
0.103333	1.696002
0.106666	1.696957
0.110000	1.709377
0.113333	1.711925
0.116666	1.688996
0.120000	1.690269
0.123333	1.711288
0.126666	1.717020
0.130000	1.702371
0.133333	1.696639
0.136666	1.697912
0.140000	1.705874
0.143333	1.701734
0.146666	1.700460
0.150000	1.710014
0.153333	1.705874
0.156666	1.701097
0.160000	1.688040
0.163333	1.699823
0.166666	1.713517
0.170000	1.705555
0.173333	1.694409
0.176666	1.703963
0.180000	1.709058
0.183333	1.699186
0.186666	1.702371
0.190000	1.713198
0.193333	1.708422
0.196666	1.701734
0.199999	1.703645
0.203333	1.712243
0.206666	1.696957
0.209999	1.702052
0.213333	1.706192
0.216666	1.699186
0.219999	1.704918
0.223333	1.703963
0.226666	1.699186
0.229999	1.699823
0.233333	1.710969
0.236666	1.707466
0.239999	1.692817
0.243333	1.705555
0.246666	1.701415
0.249999	1.690906
0.253333	1.699505
0.256666	1.710651
0.259999	1.701734
0.263333	1.694091
0.266666	1.704282
0.269999	1.710014
0.273333	1.700779
0.276666	1.702689
0.279999	1.711288
0.283333	1.710332
0.286666	1.699186
0.289999	1.701734
0.293333	1.707148
0.296666	1.704282
0.299999	1.703008
0.303333	1.703326
0.306666	1.705874
0.309999	1.701734
0.313333	1.692180
0.316666	1.698868
0.319999	1.704282
0.323333	1.703963
0.326666	1.705237
0.329999	1.697912
0.333332	1.704918
0.336666	1.704918
0.339999	1.701734
0.343332	1.700779
0.346666	1.709058
0.349999	1.703963
0.353332	1.704918
0.356666	1.703645
0.359999	1.707466
0.363332	1.708740
0.366666	1.704918
0.369999	1.708740
0.373332	1.710332
0.376666	1.705555
0.379999	1.704918
0.383332	1.706192
0.386666	1.709058
0.389999	1.707785
0.393332	1.703326
0.396666	1.707785
0.399999	1.713835
0.403332	1.709058
0.406666	1.707148
0.409999	1.706829
0.413332	1.703963
0.416666	1.707466
0.419999	1.710651
0.423332	1.704600
0.426666	1.700142
0.429999	1.699505
0.433332	1.705237
0.436666	1.711288
0.439999	1.698549
0.443332	1.697594
0.446666	1.707785
0.449999	1.716064
0.453332	1.707466
0.456666	1.691862
0.459999	1.692180
0.463332	1.703326
0.466665	1.699823
0.469999	1.693454
0.473332	1.704600
0.476665	1.708422
0.479999	1.708740
0.483332	1.696320
0.486665	1.691862
0.489999	1.708422
0.493332	1.708740
0.496665	1.688359
0.499999	1.700142
0.503332	1.702052
0.506665	1.694409
0.509999	1.693454
0.513332	1.707148
0.516665	1.704918
0.519999	1.694409
0.523332	1.706192
0.526665	1.705555
0.529999	1.707148
0.533332	1.697912
0.536665	1.701097
0.539999	1.707148
0.543332	1.700460
0.546665	1.696957
0.549999	1.711925
0.553332	1.713198
0.556665	1.700142
0.559999	1.702052
0.563332	1.702052
0.566665	1.705555
0.569999	1.705555
0.573332	1.700460
0.576665	1.689314
0.579999	1.700460
0.583332	1.709058
0.586665	1.705555
0.589999	1.692180
0.593332	1.701097
0.596665	1.711288
0.599998	1.708103
0.603332	1.688359
0.606665	1.682308
0.609998	1.706511
0.613332	1.694728
0.616665	1.692817
0.619998	1.696957
0.623332	1.710014
0.626665	1.708103
0.629998	1.695046
0.633332	1.692817
0.636665	1.706829
0.639998	1.697912
0.643332	1.697912
0.646665	1.701415
0.649998	1.702052
0.653332	1.708103
0.656665	1.702052
0.659998	1.705555
0.663332	1.710332
0.666665	1.701097
0.669998	1.694728
0.673332	1.705237
0.676665	1.691862
0.679998	1.700779
0.683332	1.709695
0.686665	1.695683
0.689998	1.692499
0.693332	1.709695
0.696665	1.702689
0.699998	1.691862
0.703332	1.704282
0.706665	1.711925
0.709998	1.698549
0.713332	1.698868
0.716665	1.700460
0.719998	1.709058
0.723332	1.709695
0.726665	1.695683
0.729998	1.695683
0.733331	1.708103
0.736665	1.703645
0.739998	1.696002
0.743331	1.700779
0.746665	1.707785
0.749998	1.696957
0.753331	1.701097
0.756665	1.702689
0.759998	1.710969
0.763331	1.704918
0.766665	1.691225
0.769998	1.699823
0.773331	1.708740
0.776665	1.698231
0.779998	1.694409
0.783331	1.708422
0.786665	1.713835
0.789998	1.701734
0.793331	1.679123
0.796665	1.700460
0.799998	1.700460
0.803331	1.698549
0.806665	1.691862
0.809998	1.696320
0.813331	1.708740
0.816665	1.694728
0.819998	1.697912
0.823331	1.704918
0.826665	1.701097
0.829998	1.701734
0.833331	1.697594
0.836665	1.708740
0.839998	1.706511
0.843331	1.707785
0.846665	1.699186
0.849998	1.705237
0.853331	1.710332
0.856665	1.712243
0.859998	1.697912
0.863331	1.693454
0.866664	1.703645
0.869998	1.712880
0.873331	1.711925
0.876664	1.695683
0.879998	1.694409
0.883331	1.705874
0.886664	1.704282
0.889998	1.695365
0.893331	1.706192
0.896664	1.712243
0.899998	1.696320
0.903331	1.697594
0.906664	1.704918
0.909998	1.707785
0.913331	1.708740
0.916664	1.697276
0.919998	1.701097
0.923331	1.710332
0.926664	1.700460
0.929998	1.696002
0.933331	1.698231
0.936664	1.713198
0.939998	1.706511
0.943331	1.691862
0.946664	1.697912
0.949998	1.707466
0.953331	1.710651
0.956664	1.695046
0.959998	1.696320
0.963331	1.698868
0.966664	1.709377
0.969998	1.705237
0.973331	1.688040
0.976664	1.702689
0.979998	1.702689
0.983331	1.691862
0.986664	1.703008
0.989998	1.710651
0.993331	1.700460
0.996664	1.691862
0.999997	1.701734
1.003331	1.710332
1.006664	1.704918
1.009997	1.693772
1.013331	1.706192
1.016664	1.704918
1.019997	1.703008
1.023331	1.701734
1.026664	1.702052
1.029997	1.705874
1.033331	1.708422
1.036664	1.700460
1.039997	1.706192
1.043331	1.709058
1.046664	1.707148
1.049997	1.699823
1.053331	1.708740
1.056664	1.711288
1.059997	1.703326
1.063331	1.700142
1.066664	1.709695
1.069997	1.709058
1.073331	1.697594
1.076664	1.704282
1.079997	1.710969
1.083331	1.707466
1.086664	1.699186
1.089997	1.696957
1.093331	1.708422
1.096664	1.712561
1.099997	1.698549
1.103331	1.690906
1.106664	1.705555
1.109997	1.714472
1.113331	1.703326
1.116664	1.686766
1.119997	1.693454
1.123331	1.701415
1.126664	1.698868
1.129997	1.703963
1.133331	1.710332
1.136664	1.709058
1.139997	1.702052
1.143330	1.711606
1.146664	1.711606
1.149997	1.700460
1.153330	1.699186
1.156664	1.708740
1.159997	1.709695
1.163330	1.701734
1.166664	1.709377
1.169997	1.712243
1.173330	1.707466
1.176664	1.705237
1.179997	1.711288
1.183330	1.708740
1.186664	1.704918
1.189997	1.700779
1.193330	1.707148
1.196664	1.711925
1.199997	1.706192
1.203330	1.702689
1.206664	1.715428
1.209997	1.712561
1.213330	1.699505
1.216664	1.703008
1.219997	1.704282
1.223330	1.703963
1.226664	1.703008
1.229997	1.708740
1.233330	1.707148
1.236664	1.698231
1.239997	1.707785
1.243330	1.703008
1.246664	1.703645
1.249997	1.704918
1.253330	1.703963
1.256664	1.707785
1.259997	1.701415
1.263330	1.706511
1.266663	1.704282
1.269997	1.694728
1.273330	1.707785
1.276663	1.708740
1.279997	1.701097
1.283330	1.706511
1.286663	1.700460
1.289997	1.702052
1.293330	1.705237
1.296663	1.707148
1.299997	1.705555
1.303330	1.703008
1.306663	1.693772
1.309997	1.705555
1.313330	1.717975
1.316663	1.713198
1.319997	1.697912
1.323330	1.693454
1.326663	1.710014
1.329997	1.709377
1.333330	1.699505
1.336663	1.688359
1.339997	1.697912
1.343330	1.711925
1.346663	1.701734
1.349997	1.685493
1.353330	1.703326
1.356663	1.707148
1.359997	1.704282
1.363330	1.700779
1.366663	1.703008
1.369997	1.706192
1.373330	1.708422
1.376663	1.695683
1.379997	1.696957
1.383330	1.712880
1.386663	1.701415
1.389997	1.690588
1.393330	1.705874
1.396663	1.706511
1.399996	1.691862
1.403330	1.695365
1.406663	1.707785
1.409996	1.699186
1.413330	1.702689
1.416663	1.707148
1.419996	1.703963
1.423330	1.692499
1.426663	1.703645
1.429996	1.700779
1.433330	1.690906
1.436663	1.707466
1.439996	1.710014
1.443330	1.695046
1.446663	1.699186
1.449996	1.704600
1.453330	1.696320
1.456663	1.699823
1.459996	1.706192
1.463330	1.700460
1.466663	1.704600
1.469996	1.705555
1.473330	1.701097
1.476663	1.703645
1.479996	1.704918
1.483330	1.710014
1.486663	1.708740
1.489996	1.703326
1.493330	1.701415
1.496663	1.705874
1.499996	1.712561
1.503330	1.705555
1.506663	1.689314
1.509996	1.701097
1.513330	1.712561
1.516663	1.694728
1.519996	1.690588
1.523330	1.701415
1.526663	1.707785
1.529996	1.706829
1.533330	1.695046
1.536663	1.703326
1.539996	1.708740
1.543329	1.703963
1.546663	1.696639
1.549996	1.699823
1.553329	1.703963
1.556663	1.698549
1.559996	1.708740
1.563329	1.703645
1.566663	1.691225
1.569996	1.703008
1.573329	1.714154
1.576663	1.690269
1.579996	1.691543
1.583329	1.706511
1.586663	1.699823
1.589996	1.690906
1.593329	1.704282
1.596663	1.708422
1.599996	1.701734
1.603329	1.692499
1.606663	1.708422
1.609996	1.707785
1.613329	1.701415
1.616663	1.699823
1.619996	1.711606
1.623329	1.701734
1.626663	1.703326
1.629996	1.700460
1.633329	1.696002
1.636663	1.708740
1.639996	1.710969
1.643329	1.692499
1.646663	1.703008
1.649996	1.710332
1.653329	1.700779
1.656663	1.698231
1.659996	1.708422
1.663329	1.711925
1.666662	1.705874
1.669996	1.699823
1.673329	1.695365
1.676662	1.705237
1.679996	1.700779
1.683329	1.700779
1.686662	1.698868
1.689996	1.696320
1.693329	1.703645
1.696662	1.713198
1.699996	1.712243
1.703329	1.695365
1.706662	1.701097
1.709996	1.711925
1.713329	1.705874
1.716662	1.689633
1.719996	1.697594
1.723329	1.710014
1.726662	1.700142
1.729996	1.698549
1.733329	1.710014
1.736662	1.705555
1.739996	1.698868
1.743329	1.709058
1.746662	1.715109
1.749996	1.694728
1.753329	1.681353
1.756662	1.697912
1.759996	1.705874
1.763329	1.700460
1.766662	1.691862
1.769996	1.703963
1.773329	1.705555
1.776662	1.695046
1.779996	1.696002
1.783329	1.708740
1.786662	1.700142
1.789996	1.704282
1.793329	1.698549
1.796662	1.699186
1.799995	1.702371
1.803329	1.708422
1.806662	1.702052
1.809995	1.710014
1.813329	1.713517
1.816662	1.708103
1.819995	1.701415
1.823329	1.700460
1.826662	1.704918
1.829995	1.703326
1.833329	1.707785
1.836662	1.703326
1.839995	1.691862
1.843329	1.704600
1.846662	1.708740
1.849995	1.703645
1.853329	1.702371
1.856662	1.704600
1.859995	1.709058
1.863329	1.711925
1.866662	1.704600
1.869995	1.706511
1.873329	1.708103
1.876662	1.702689
1.879995	1.706829
1.883329	1.710014
1.886662	1.710014
1.889995	1.710651
1.893329	1.706829
1.896662	1.710332
1.899995	1.714791
1.903329	1.704918
1.906662	1.704918
1.909995	1.708103
1.913329	1.710332
1.916662	1.710014
1.919995	1.700460
1.923329	1.696639
1.926662	1.705874
1.929995	1.707785
1.933329	1.705555
1.936662	1.697276
1.939995	1.695683
1.943328	1.709695
1.946662	1.712243
1.949995	1.694409
1.953328	1.697912
1.956662	1.708103
1.959995	1.709695
1.963328	1.696002
1.966662	1.695046
1.969995	1.709058
1.973328	1.704282
1.976662	1.697912
1.979995	1.700779
1.983328	1.703008
1.986662	1.704918
1.989995	1.697276
1.993328	1.705555
1.996662	1.707785
1.999995	1.706829
2.003328	1.707785
2.006662	1.700460
2.009995	1.702689
2.013328	1.713517
2.016662	1.715746
2.019995	1.703008
2.023328	1.699186
2.026662	1.707785
2.029995	1.708422
2.033328	1.706511
2.036662	1.702689
2.039995	1.709058
2.043328	1.707466
2.046662	1.704918
2.049995	1.703963
2.053328	1.706829
2.056662	1.710969
2.059995	1.707148
2.063328	1.707148
2.066661	1.706511
2.069995	1.704918
2.073328	1.704918
2.076661	1.701097
2.079995	1.698868
2.083328	1.710014
2.086661	1.700779
2.089995	1.689633
2.093328	1.701734
2.096661	1.710651
2.099995	1.694409
2.103328	1.695365
2.106661	1.710014
2.109995	1.716383
2.113328	1.692817
2.116661	1.680716
2.119995	1.703008
2.123328	1.711288
2.126661	1.706192
2.129995	1.689633
2.133328	1.698231
2.136661	1.713517
2.139995	1.705874
2.143328	1.695365
2.146661	1.693772
2.149995	1.706192
2.153328	1.711288
2.156661	1.700142
2.159995	1.698231
2.163328	1.708103
2.166661	1.711925
2.169995	1.700142
2.173328	1.699823
2.176661	1.704918
2.179995	1.701734
2.183328	1.701097
2.186661	1.703963
2.189995	1.703963
2.193328	1.701097
2.196661	1.707466
2.199994	1.705555
2.203328	1.696320
2.206661	1.696639
2.209994	1.708740
2.213328	1.703326
2.216661	1.701734
2.219994	1.710014
2.223328	1.714154
2.226661	1.698868
2.229994	1.695365
2.233328	1.707148
2.236661	1.707148
2.239994	1.689633
2.243328	1.693136
2.246661	1.704282
2.249994	1.701415
2.253328	1.696002
2.256661	1.703326
2.259994	1.714472
2.263328	1.705237
2.266661	1.690269
2.269994	1.704282
2.273328	1.706511
2.276661	1.694091
2.279994	1.694409
2.283328	1.706829
2.286661	1.705874
2.289994	1.701415
2.293328	1.706192
2.296661	1.701415
2.299994	1.701415
2.303328	1.709058
2.306661	1.703963
2.309994	1.690906
2.313328	1.706192
2.316661	1.703326
2.319994	1.697912
2.323328	1.708740
2.326661	1.701415
2.329994	1.697594
2.333327	1.698868
2.336661	1.711288
2.339994	1.705874
2.343327	1.692817
2.346661	1.692180
2.349994	1.710332
2.353327	1.700779
2.356661	1.694728
2.359994	1.694409
2.363327	1.704918
2.366661	1.705237
2.369994	1.701734
2.373327	1.702689
2.376661	1.704282
2.379994	1.701415
2.383327	1.693454
2.386661	1.706192
2.389994	1.707785
2.393327	1.690269
2.396661	1.691225
2.399994	1.706511
2.403327	1.710014
2.406661	1.697594
2.409994	1.697912
2.413327	1.707148
2.416661	1.710332
2.419994	1.704600
2.423327	1.703326
2.426661	1.698231
2.429994	1.710014
2.433327	1.710332
2.436661	1.694728
2.439994	1.691225
2.443327	1.709058
2.446661	1.699823
2.449994	1.696957
2.453327	1.702371
2.456661	1.709377
2.459994	1.703963
2.463327	1.699823
2.466660	1.703326
2.469994	1.713835
2.473327	1.709695
2.476660	1.696957
2.479994	1.700779
2.483327	1.708422
2.486660	1.704600
2.489994	1.699823
2.493327	1.704282
2.496660	1.702052
2.499994	1.699186
2.503327	1.712561
2.506660	1.716383
2.509994	1.703326
2.513327	1.700142
2.516660	1.699823
2.519994	1.704918
2.523327	1.713835
2.526660	1.703008
2.529994	1.699186
2.533327	1.713835
2.536660	1.711925
2.539994	1.702689
2.543327	1.703645
2.546660	1.705874
2.549994	1.708740
2.553327	1.699186
2.556660	1.705555
2.559994	1.711288
2.563327	1.709058
2.566660	1.703645
2.569994	1.697912
2.573327	1.703008
2.576660	1.713198
2.579994	1.710651
2.583327	1.696002
2.586660	1.696002
2.589994	1.701734
2.593327	1.709695
2.596660	1.704918
2.599994	1.705237
2.603327	1.705555
2.606660	1.709695
2.609993	1.711606
2.613327	1.709058
2.616660	1.708103
2.619993	1.704918
2.623327	1.696957
2.626660	1.707785
2.629993	1.713198
2.633327	1.705874
2.636660	1.703963
2.639993	1.701734
2.643327	1.700460
2.646660	1.708740
2.649993	1.700460
2.653327	1.698549
2.656660	1.708103
2.659993	1.704600
2.663327	1.701415
2.666660	1.710332
2.669993	1.704918
2.673327	1.703326
2.676660	1.700142
2.679993	1.711925
2.683327	1.709377
2.686660	1.693454
2.689993	1.694091
2.693327	1.710014
2.696660	1.703645
2.699993	1.690906
2.703327	1.697594
2.706660	1.707466
2.709993	1.701734
2.713327	1.692499
2.716660	1.703326
2.719993	1.703963
2.723327	1.702689
2.726660	1.702689
2.729993	1.702371
2.733326	1.707785
2.736660	1.710332
2.739993	1.703645
2.743326	1.707785
2.746660	1.707148
2.749993	1.702689
2.753326	1.697912
2.756660	1.705555
2.759993	1.705555
2.763326	1.700779
2.766660	1.705237
2.769993	1.706511
2.773326	1.707148
2.776660	1.693772
2.779993	1.697276
2.783326	1.713198
2.786660	1.713198
2.789993	1.700142
2.793326	1.690906
2.796660	1.699823
2.799993	1.710332
2.803326	1.697594
2.806660	1.691225
2.809993	1.683582
2.813326	1.699186
2.816660	1.722115
2.819993	1.702052
2.823326	1.698549
2.826660	1.702371
2.829993	1.711925
2.833326	1.703963
2.836660	1.686766
2.839993	1.693454
2.843326	1.713198
2.846660	1.706511
2.849993	1.686130
2.853326	1.695046
2.856660	1.711606
2.859993	1.704600
2.863326	1.690588
2.866659	1.698549
2.869993	1.706511
2.873326	1.709058
2.876659	1.698231
2.879993	1.689633
2.883326	1.696320
2.886659	1.711606
2.889993	1.707466
2.893326	1.695683
2.896659	1.693772
2.899993	1.708422
2.903326	1.713835
2.906659	1.692180
2.909993	1.702052
2.913326	1.705874
2.916659	1.696320
2.919993	1.688996
2.923326	1.704918
2.926659	1.713198
2.929993	1.700460
2.933326	1.700142
2.936659	1.706511
2.939993	1.707785
2.943326	1.708740
2.946659	1.708422
2.949993	1.705555
2.953326	1.701734
2.956659	1.695046
2.959993	1.707785
2.963326	1.708103
2.966659	1.699186
2.969993	1.688359
2.973326	1.697594
2.976659	1.712561
2.979993	1.694409
2.983326	1.680716
2.986659	1.703326
2.989993	1.710651
2.993326	1.703008
2.996659	1.688040
2.999992	1.697912
3.003326	1.705237
3.006659	1.703008
3.009992	1.700779
3.013326	1.706192
3.016659	1.711288
3.019992	1.703326
3.023326	1.700142
3.026659	1.708103
3.029992	1.706829
3.033326	1.706192
3.036659	1.707466
3.039992	1.706511
3.043326	1.704600
3.046659	1.705237
3.049992	1.706511
3.053326	1.707466
3.056659	1.706192
3.059992	1.705237
3.063326	1.713517
3.066659	1.707466
3.069992	1.706511
3.073326	1.705555
3.076659	1.707466
3.079992	1.707148
3.083326	1.703326
3.086659	1.704600
3.089992	1.707466
3.093326	1.709058
3.096659	1.706511
3.099992	1.695683
3.103326	1.704600
3.106659	1.713517
3.109992	1.708740
3.113326	1.693772
3.116659	1.708422
3.119992	1.710651
3.123326	1.702371
3.126659	1.696639
3.129992	1.693772
3.133325	1.701734
3.136659	1.711925
3.139992	1.705555
3.143325	1.703963
3.146659	1.697276
3.149992	1.710332
3.153325	1.710014
3.156659	1.700142
3.159992	1.703963
3.163325	1.709695
3.166659	1.704282
3.169992	1.690906
3.173325	1.704918
3.176659	1.715428
3.179992	1.690906
3.183325	1.688996
3.186659	1.707466
3.189992	1.718612
3.193325	1.695046
3.196659	1.685811
3.199992	1.703326
3.203325	1.713198
3.206659	1.702371
3.209992	1.671799
3.213325	1.690906
3.216659	1.713835
3.219992	1.697276
3.223325	1.677213
3.226659	1.690269
3.229992	1.708422
3.233325	1.697594
3.236659	1.685493
3.239992	1.703008
3.243325	1.710651
3.246659	1.696320
3.249992	1.688677
3.253325	1.706192
3.256659	1.708422
3.259992	1.689633
3.263325	1.696002
3.266658	1.711288
3.269992	1.710651
3.273325	1.692180
3.276658	1.685174
3.279992	1.706511
3.283325	1.708103
3.286658	1.694091
3.289992	1.678487
3.293325	1.696320
3.296658	1.713198
3.299992	1.706511
3.303325	1.680716
3.306658	1.699505
3.309992	1.712561
3.313325	1.694409
3.316658	1.683900
3.319992	1.704282
3.323325	1.713198
3.326658	1.695046
3.329992	1.688359
3.333325	1.705874
3.336658	1.712243
3.339992	1.694091
3.343325	1.688359
3.346658	1.706511
3.349992	1.714154
3.353325	1.698868
3.356658	1.690269
3.359992	1.700460
3.363325	1.704282
3.366658	1.698868
3.369992	1.697594
3.373325	1.700142
3.376658	1.702371
3.379992	1.704600
3.383325	1.711606
3.386658	1.707785
3.389992	1.703326
3.393325	1.701415
3.396658	1.709695
3.399991	1.706511
3.403325	1.700460
3.406658	1.707785
3.409991	1.707466
3.413325	1.706511
3.416658	1.698868
3.419991	1.696320
3.423325	1.706192
3.426658	1.710014
3.429991	1.699505
3.433325	1.699823
3.436658	1.709695
3.439991	1.710651
3.443325	1.700460
3.446658	1.690906
3.449991	1.704282
3.453325	1.700460
3.456658	1.693454
3.459991	1.703963
3.463325	1.702371
3.466658	1.709058
3.469991	1.702371
3.473325	1.696639
3.476658	1.705555
3.479991	1.703326
3.483325	1.697594
3.486658	1.700460
3.489991	1.698868
3.493325	1.706511
3.496658	1.709695
3.499991	1.692180
3.503325	1.697912
3.506658	1.707785
3.509991	1.706829
3.513325	1.691862
3.516658	1.697912
3.519991	1.710332
3.523325	1.703963
3.526658	1.685174
3.529991	1.700779
3.533324	1.705874
3.536658	1.696002
3.539991	1.695046
3.543324	1.706829
3.546658	1.704918
3.549991	1.695046
3.553324	1.707148
3.556658	1.708103
3.559991	1.697912
3.563324	1.703963
3.566658	1.712561
3.569991	1.708103
3.573324	1.701097
3.576658	1.703963
3.579991	1.711288
3.583324	1.703963
3.586658	1.700779
3.589991	1.706829
3.593324	1.703326
3.596658	1.708422
3.599991	1.708422
3.603324	1.703008
3.606658	1.707466
3.609991	1.710969
3.613324	1.710969
3.616658	1.699186
3.619991	1.701097
3.623324	1.713198
3.626658	1.714472
3.629991	1.701415
3.633324	1.699823
3.636658	1.707466
3.639991	1.705555
3.643324	1.696002
3.646658	1.696320
3.649991	1.708103
3.653324	1.704918
3.656658	1.705874
3.659991	1.706192
3.663324	1.706829
3.666657	1.701415
3.669991	1.699505
3.673324	1.708422
3.676657	1.702052
3.679991	1.705555
3.683324	1.701415
3.686657	1.703645
3.689991	1.708103
3.693324	1.709377
3.696657	1.707148
3.699991	1.710969
3.703324	1.715428
3.706657	1.699505
3.709991	1.694409
3.713324	1.704918
3.716657	1.707466
3.719991	1.705237
3.723324	1.702689
3.726657	1.708103
3.729991	1.705237
3.733324	1.702689
3.736657	1.714791
3.739991	1.701097
3.743324	1.703008
3.746657	1.703008
3.749991	1.703963
3.753324	1.708740
3.756657	1.704918
3.759991	1.691862
3.763324	1.699505
3.766657	1.717657
3.769991	1.707785
3.773324	1.682308
3.776657	1.689314
3.779991	1.704282
3.783324	1.707466
3.786657	1.690269
3.789991	1.685493
3.793324	1.699186
3.796657	1.709695
3.799990	1.702689
3.803324	1.689633
3.806657	1.695046
3.809990	1.711288
3.813324	1.715109
3.816657	1.699823
3.819990	1.694091
3.823324	1.703645
3.826657	1.708740
3.829990	1.704918
3.833324	1.697276
3.836657	1.707148
3.839990	1.713198
3.843324	1.698868
3.846657	1.696957
3.849990	1.700142
3.853324	1.703645
3.856657	1.701415
3.859990	1.699823
3.863324	1.701415
3.866657	1.707466
3.869990	1.705555
3.873324	1.700460
3.876657	1.708103
3.879990	1.707148
3.883324	1.703008
3.886657	1.712561
3.889990	1.714791
3.893324	1.706829
3.896657	1.697594
3.899990	1.708740
3.903324	1.713517
3.906657	1.703645
3.909990	1.703326
3.913324	1.698868
3.916657	1.697276
3.919990	1.693772
3.923324	1.700460
3.926657	1.706511
3.929990	1.696002
3.933323	1.701097
3.936657	1.708740
3.939990	1.715428
3.943323	1.707466
3.946657	1.694091
3.949990	1.697594
3.953323	1.707466
3.956657	1.710014
3.959990	1.696957
3.963323	1.699505
3.966657	1.712561
3.969990	1.702689
3.973323	1.691862
3.976657	1.700779
3.979990	1.706829
3.983323	1.704600
3.986657	1.701734
3.989990	1.699823
3.993323	1.701734
3.996657	1.707148
3.999990	1.707466
4.003323	1.699186
4.006657	1.702689
4.009990	1.712880
4.013323	1.708422
4.016657	1.696320
4.019990	1.705555
4.023323	1.710332
4.026657	1.703645
4.029990	1.698868
4.033323	1.698231
4.036657	1.702052
4.039990	1.704918
4.043323	1.710969
4.046657	1.705555
4.049990	1.701097
4.053323	1.712243
4.056657	1.713198
4.059990	1.699186
4.063323	1.696957
4.066656	1.706192
4.069990	1.709377
4.073323	1.702689
4.076656	1.703326
4.079990	1.700460
4.083323	1.706511
4.086656	1.703326
4.089990	1.694728
4.093323	1.705237
4.096656	1.701097
4.099990	1.697912
4.103323	1.710969
4.106656	1.706829
4.109990	1.697276
4.113323	1.704918
4.116656	1.701415
4.119990	1.696639
4.123323	1.708740
4.126656	1.707148
4.129990	1.690269
4.133323	1.693454
4.136656	1.708103
4.139990	1.717657
4.143323	1.691225
4.146656	1.695683
4.149990	1.709695
4.153323	1.707466
4.156656	1.703008
4.159990	1.700460
4.163323	1.703008
4.166656	1.707785
4.169990	1.701734
4.173323	1.703326
4.176656	1.706192
4.179990	1.709058
4.183323	1.714472
4.186656	1.706192
4.189990	1.693772
4.193323	1.694091
4.196656	1.707466
4.199990	1.696957
4.203323	1.703008
4.206656	1.708103
4.209989	1.708103
4.213323	1.700460
4.216656	1.701097
4.219989	1.703008
4.223323	1.710014
4.226656	1.716064
4.229989	1.704282
4.233323	1.691225
4.236656	1.696639
4.239989	1.712880
4.243323	1.707148
4.246656	1.694409
4.249989	1.703008
4.253323	1.705874
4.256656	1.707466
4.259989	1.701097
4.263323	1.696957
4.266656	1.710969
4.269989	1.712880
4.273323	1.702689
4.276656	1.697594
4.279989	1.701415
4.283323	1.705237
4.286656	1.698231
4.289989	1.703326
4.293323	1.710969
4.296656	1.696002
4.299989	1.696002
4.303323	1.705237
4.306656	1.707466
4.309989	1.687722
4.313323	1.698868
4.316656	1.707148
4.319989	1.700779
4.323323	1.700142
4.326656	1.707466
4.329989	1.696957
4.333322	1.703963
4.336656	1.707785
4.339989	1.705874
4.343322	1.699186
4.346656	1.704918
4.349989	1.706511
4.353322	1.699823
4.356656	1.705237
4.359989	1.709058
4.363322	1.700460
4.366656	1.697912
4.369989	1.711288
4.373322	1.710651
4.376656	1.704282
4.379989	1.709058
4.383322	1.703008
4.386656	1.703008
4.389989	1.708740
4.393322	1.709695
4.396656	1.703326
4.399989	1.702689
4.403322	1.700460
4.406656	1.711288
4.409989	1.703963
4.413322	1.701097
4.416656	1.710014
4.419989	1.702052
4.423322	1.695683
4.426656	1.710014
4.429989	1.708103
4.433322	1.699823
4.436656	1.687085
4.439989	1.705874
4.443322	1.712243
4.446656	1.696639
4.449989	1.686130
4.453322	1.702052
4.456656	1.711606
4.459989	1.698868
4.463322	1.691862
4.466655	1.706192
4.469989	1.707466
4.473322	1.694091
4.476655	1.690906
4.479989	1.711925
4.483322	1.702689
4.486655	1.696002
4.489989	1.693772
4.493322	1.711925
4.496655	1.699186
4.499989	1.688996
4.503322	1.705555
4.506655	1.708740
4.509989	1.696320
4.513322	1.696957
4.516655	1.705237
4.519989	1.701415
4.523322	1.705874
4.526655	1.712243
4.529989	1.705874
4.533322	1.700460
4.536655	1.706511
4.539989	1.711606
4.543322	1.697912
4.546655	1.698549
4.549989	1.709058
4.553322	1.708422
4.556655	1.701097
4.559989	1.700142
4.563322	1.697276
4.566655	1.698868
4.569989	1.704282
4.573322	1.698231
4.576655	1.703963
4.579989	1.711606
4.583322	1.697912
4.586655	1.708103
4.589989	1.708103
4.593322	1.708422
4.596655	1.708740
4.599988	1.706511
4.603322	1.700460
4.606655	1.703008
4.609988	1.713835
4.613322	1.706192
4.616655	1.706511
4.619988	1.706511
4.623322	1.708740
4.626655	1.708103
4.629988	1.707148
4.633322	1.713198
4.636655	1.698868
4.639988	1.698868
4.643322	1.708740
4.646655	1.710969
4.649988	1.698549
4.653322	1.695683
4.656655	1.706192
4.659988	1.710332
4.663322	1.701734
4.666655	1.696639
4.669988	1.705555
4.673322	1.708740
4.676655	1.705874
4.679988	1.706829
4.683322	1.708740
4.686655	1.712243
4.689988	1.703963
4.693322	1.697594
4.696655	1.707148
4.699988	1.710332
4.703322	1.705874
4.706655	1.702371
4.709988	1.707785
4.713322	1.712243
4.716655	1.711288
4.719988	1.703008
4.723322	1.698549
4.726655	1.708740
4.729988	1.710014
4.733321	1.696320
4.736655	1.698868
4.739988	1.712243
4.743321	1.710651
4.746655	1.693454
4.749988	1.685493
4.753321	1.699186
4.756655	1.706829
4.759988	1.695046
4.763321	1.701097
4.766655	1.716383
4.769988	1.715109
4.773321	1.701097
4.776655	1.696002
4.779988	1.709377
4.783321	1.704918
4.786655	1.697594
4.789988	1.706511
4.793321	1.716383
4.796655	1.708103
4.799988	1.690588
4.803321	1.696002
4.806655	1.708740
4.809988	1.696320
4.813321	1.697912
4.816655	1.706192
4.819988	1.699505
4.823321	1.702371
4.826655	1.709377
4.829988	1.696320
4.833321	1.702371
4.836655	1.715746
4.839988	1.709058
4.843321	1.702371
4.846655	1.698868
4.849988	1.707785
4.853321	1.705237
4.856655	1.699823
4.859988	1.698549
4.863321	1.699505
4.866655	1.712243
4.869988	1.708740
4.873321	1.696957
4.876654	1.703645
4.879988	1.706192
4.883321	1.705555
4.886654	1.705555
4.889988	1.698231
4.893321	1.706511
4.896654	1.713517
4.899988	1.700460
4.903321	1.686448
4.906654	1.704600
4.909988	1.718931
4.913321	1.701415
4.916654	1.686766
4.919988	1.697912
4.923321	1.712243
4.926654	1.707148
4.929988	1.696639
4.933321	1.709058
4.936654	1.708740
4.939988	1.708422
4.943321	1.693454
4.946654	1.702052
4.949988	1.715746
4.953321	1.710332
4.956654	1.692817
4.959988	1.702052
4.963321	1.707785
4.966654	1.697912
4.969988	1.699823
4.973321	1.702689
4.976654	1.709695
4.979988	1.713198
4.983321	1.707148
4.986654	1.708103
4.989988	1.712561
4.993321	1.705237
4.996654	1.694728

