LabVIEW Measurement	
Writer_Version	2
Reader_Version	2
Separator	Tab
Decimal_Separator	.
Multi_Headings	Yes
X_Columns	One
Time_Pref	Absolute
Operator	labuser
Date	2019/05/16
Time	10:53:58.158709024999919809
***End_of_Header***	
	
Channels	1	
Samples	1500	
Date	2019/05/16	
Time	11:05:23.869273224999551883	
Y_Unit_Label	Volts	
X_Dimension	Time	
X0	0.0000000000000000E+0	
Delta_X	0.003333	
***End_of_Header***		
X_Value	Voltage	Comment
0.000000	1.450153
0.003333	1.374360
0.006667	1.527219
0.010000	1.331050
0.013333	1.446331
0.016667	1.526264
0.020000	1.463210
0.023333	1.374997
0.026667	1.465757
0.030000	1.432319
0.033333	1.347928
0.036667	1.380729
0.040000	1.519895
0.043333	1.433912
0.046667	1.445058
0.050000	1.498877
0.053333	1.286784
0.056667	1.540913
0.060000	1.541868
0.063333	1.425950
0.066666	1.533907
0.070000	1.347291
0.073333	1.504927
0.076666	1.533907
0.080000	1.617980
0.083333	1.591548
0.086666	1.430727
0.090000	1.608744
0.093333	1.418626
0.096666	1.424676
0.100000	1.346973
0.103333	1.512889
0.106666	1.550785
0.110000	1.539002
0.113333	1.582631
0.116666	1.341241
0.120000	1.385825
0.123333	1.456522
0.126666	1.434230
0.130000	1.452064
0.133333	1.562887
0.136666	1.375315
0.140000	1.461299
0.143333	1.408753
0.146666	1.472126
0.150000	1.325318
0.153333	1.415441
0.156666	1.350794
0.160000	1.403658
0.163333	1.476903
0.166666	1.471171
0.170000	1.422766
0.173333	1.416396
0.176666	1.455248
0.180000	1.496648
0.183333	1.359074
0.186666	1.469897
0.190000	1.501106
0.193333	1.504927
0.196666	1.448879
0.199999	1.317993
0.203333	1.392194
0.206666	1.606834
0.209999	1.520850
0.213333	1.481043
0.216666	1.398244
0.219999	1.420855
0.223333	1.534544
0.226666	1.487412
0.229999	1.345062
0.233333	1.438688
0.236666	1.462254
0.239999	1.391238
0.243333	1.321496
0.246666	1.293790
0.249999	1.446650
0.253333	1.362259
0.256666	1.460025
0.259999	1.622120
0.263333	1.431364
0.266666	1.487731
0.269999	1.471489
0.273333	1.475948
0.276666	1.644730
0.279999	1.661927
0.283333	1.571485
0.286666	1.389009
0.289999	1.438688
0.293333	1.370857
0.296666	1.359393
0.299999	1.391238
0.303333	1.301115
0.306666	1.604923
0.309999	1.467668
0.313333	1.332642
0.316666	1.358437
0.319999	1.716701
0.323333	1.564797
0.326666	1.491234
0.329999	1.324044
0.333332	1.462891
0.336666	1.509067
0.339999	1.532952
0.343332	1.492826
0.346666	1.587408
0.349999	1.467031
0.353332	1.384869
0.356666	1.365443
0.359999	1.504609
0.363332	1.424358
0.366666	1.284874
0.369999	1.381048
0.373332	1.499514
0.376666	1.430727
0.379999	1.389328
0.383332	1.586452
0.386666	1.621483
0.389999	1.631673
0.393332	1.475629
0.396666	1.386780
0.399999	1.564797
0.403332	1.543779
0.406666	1.537729
0.409999	1.572759
0.413332	1.417989
0.416666	1.508431
0.419999	1.542187
0.423332	1.488049
0.426666	1.318949
0.429999	1.387735
0.433332	1.494737
0.436666	1.347610
0.439999	1.433275
0.443332	1.433275
0.446666	1.333916
0.449999	1.355890
0.453332	1.327865
0.456666	1.395378
0.459999	1.350794
0.463332	1.525627
0.466665	1.587089
0.469999	1.410027
0.473332	1.420218
0.476665	1.442828
0.479999	1.427542
0.483332	1.449516
0.486665	1.585497
0.489999	1.530086
0.493332	1.450471
0.496665	1.489642
0.499999	1.458751
0.503332	1.484546
0.506665	1.538365
0.509999	1.441873
0.513332	1.299523
0.516665	1.640272
0.519999	1.439962
0.523332	1.367991
0.526665	1.465757
0.529999	1.390601
0.533332	1.395378
0.536665	1.454293
0.539999	1.539002
0.543332	1.578810
0.546665	1.311943
0.549999	1.628489
0.553332	1.671799
0.556665	1.465439
0.559999	1.405887
0.563332	1.453337
0.566665	1.565434
0.569999	1.642501
0.573332	1.576899
0.576665	1.442191
0.579999	1.496966
0.583332	1.613203
0.586665	1.471489
0.589999	1.361303
0.593332	1.609700
0.596665	1.481043
0.599998	1.527856
0.603332	1.402703
0.606665	1.662564
0.609998	1.705237
0.613332	1.391557
0.616665	1.371494
0.619998	1.516710
0.623332	1.495374
0.626665	1.568300
0.629998	1.439007
0.633332	1.391875
0.636665	1.473082
0.639998	1.334553
0.643332	1.438688
0.646665	1.600783
0.649998	1.522761
0.653332	1.375634
0.656665	1.362259
0.659998	1.479769
0.663332	1.285511
0.666665	1.324999
0.669998	1.446650
0.673332	1.490597
0.676665	1.326273
0.679998	1.354616
0.683332	1.613840
0.686665	1.387098
0.689998	1.381685
0.693332	1.469260
0.696665	1.399518
0.699998	1.530404
0.703332	1.525309
0.706665	1.496648
0.709998	1.599828
0.713332	1.408435
0.716665	1.411301
0.719998	1.544098
0.723332	1.545690
0.726665	1.561294
0.729998	1.526583
0.733331	1.631036
0.736665	1.469260
0.739998	1.359074
0.743331	1.426906
0.746665	1.543461
0.749998	1.449516
0.753331	1.412256
0.756665	1.503654
0.759998	1.493781
0.763331	1.460025
0.766665	1.363533
0.769998	1.424358
0.773331	1.423084
0.776665	1.512570
0.779998	1.355571
0.783331	1.462891
0.786665	1.367991
0.789998	1.577536
0.793331	1.408753
0.796665	1.326910
0.799998	1.433593
0.803331	1.475948
0.806665	1.335827
0.809998	1.477859
0.813331	1.558428
0.816665	1.476903
0.819998	1.326910
0.823331	1.426269
0.826665	1.485183
0.829998	1.363533
0.833331	1.400155
0.836665	1.521806
0.839998	1.483272
0.843331	1.406206
0.846665	1.297612
0.849998	1.528493
0.853331	1.297612
0.856665	1.571803
0.859998	1.383595
0.863331	1.468942
0.866664	1.391875
0.869998	1.520532
0.873331	1.544416
0.876664	1.595688
0.879998	1.501106
0.883331	1.317675
0.886664	1.481680
0.889998	1.524672
0.893331	1.609063
0.896664	1.435185
0.899998	1.539321
0.903331	1.583586
0.906664	1.445058
0.909998	1.466713
0.913331	1.588682
0.916664	1.472763
0.919998	1.467031
0.923331	1.356845
0.926664	1.293472
0.929998	1.300160
0.933331	1.398244
0.936664	1.469260
0.939998	1.460980
0.943331	1.568937
0.946664	1.641227
0.949998	1.443147
0.953331	1.398881
0.956664	1.383914
0.959998	1.350476
0.963331	1.482317
0.966664	1.483909
0.969998	1.273409
0.973331	1.324999
0.976664	1.531678
0.979998	1.275320
0.983331	1.488049
0.986664	1.461617
0.989998	1.356208
0.993331	1.553651
0.996664	1.507475
0.999997	1.460344
1.003331	1.486775
1.006664	1.557473
1.009997	1.640909
1.013331	1.544735
1.016664	1.365443
1.019997	1.508431
1.023331	1.385188
1.026664	1.511615
1.029997	1.639953
1.033331	1.618617
1.036664	1.329776
1.039997	1.494737
1.043331	1.321815
1.046664	1.424358
1.049997	1.442828
1.053331	1.571803
1.056664	1.524353
1.059997	1.348884
1.063331	1.448879
1.066664	1.560657
1.069997	1.517347
1.073331	1.453019
1.076664	1.293472
1.079997	1.352068
1.083331	1.377545
1.086664	1.413849
1.089997	1.510660
1.093331	1.421492
1.096664	1.442510
1.099997	1.528175
1.103331	1.467668
1.106664	1.517984
1.109997	1.591229
1.113331	1.360985
1.116664	1.419899
1.119997	1.520213
1.123331	1.399518
1.126664	1.320541
1.129997	1.609700
1.133331	1.615114
1.136664	1.386461
1.139997	1.554607
1.143330	1.603012
1.146664	1.551104
1.149997	1.327228
1.153330	1.638361
1.156664	1.353342
1.159997	1.631673
1.163330	1.571803
1.166664	1.477859
1.169997	1.541550
1.173330	1.520532
1.176664	1.513844
1.179997	1.423084
1.183330	1.516392
1.186664	1.398881
1.189997	1.351431
1.193330	1.479132
1.196664	1.492508
1.199997	1.450790
1.203330	1.570211
1.206664	1.396334
1.209997	1.250162
1.213330	1.419263
1.216664	1.404932
1.219997	1.281371
1.223330	1.357800
1.226664	1.494100
1.229997	1.465757
1.233330	1.511934
1.236664	1.578810
1.239997	1.395378
1.243330	1.609700
1.246664	1.496011
1.249997	1.520532
1.253330	1.570530
1.256664	1.518940
1.259997	1.342514
1.263330	1.509386
1.266663	1.499514
1.269997	1.453656
1.273330	1.373405
1.276663	1.565116
1.279997	1.417352
1.283330	1.466713
1.286663	1.485820
1.289997	1.446968
1.293330	1.488049
1.296663	1.424995
1.299997	1.571485
1.303330	1.556518
1.306663	1.426587
1.309997	1.389965
1.313330	1.424358
1.316663	1.480088
1.319997	1.593777
1.323330	1.478814
1.326663	1.442510
1.329997	1.353342
1.333330	1.509067
1.336663	1.508749
1.339997	1.386143
1.343330	1.313216
1.346663	1.467350
1.349997	1.546964
1.353330	1.391238
1.356663	1.437415
1.359997	1.552059
1.363330	1.569574
1.366663	1.627533
1.369997	1.392831
1.373330	1.607471
1.376663	1.459707
1.379997	1.422766
1.383330	1.575306
1.386663	1.310987
1.389997	1.326910
1.393330	1.531678
1.396663	1.510660
1.399996	1.317356
1.403330	1.499832
1.406663	1.455248
1.409996	1.310032
1.413330	1.307166
1.416663	1.335508
1.419996	1.400155
1.423330	1.512889
1.426663	1.337738
1.429996	1.444421
1.433330	1.491552
1.436663	1.564797
1.439996	1.482635
1.443330	1.499195
1.446663	1.431682
1.449996	1.527219
1.453330	1.481999
1.456663	1.479451
1.459996	1.483591
1.463330	1.454611
1.466663	1.468623
1.469996	1.502380
1.473330	1.424039
1.476663	1.346336
1.479996	1.403021
1.483330	1.524672
1.486663	1.411620
1.489996	1.405250
1.493330	1.560976
1.496663	1.559702
1.499996	1.423084
1.503330	1.449834
1.506663	1.533907
1.509996	1.393468
1.513330	1.360348
1.516663	1.282326
1.519996	1.414804
1.523330	1.383595
1.526663	1.429772
1.529996	1.459388
1.533330	1.354616
1.536663	1.631673
1.539996	1.551741
1.543329	1.437096
1.546663	1.495055
1.549996	1.333916
1.553329	1.537092
1.556663	1.527219
1.559996	1.556518
1.563329	1.466713
1.566663	1.353660
1.569996	1.539002
1.573329	1.502698
1.576663	1.408753
1.579996	1.415123
1.583329	1.265766
1.586663	1.414486
1.589996	1.426269
1.593329	1.420536
1.596663	1.398563
1.599996	1.537092
1.603329	1.558428
1.606663	1.508112
1.609996	1.612247
1.613329	1.615114
1.616663	1.461617
1.619996	1.446968
1.623329	1.576262
1.626663	1.349202
1.629996	1.619572
1.633329	1.500469
1.636663	1.433275
1.639996	1.360666
1.643329	1.413212
1.646663	1.413212
1.649996	1.570848
1.653329	1.537092
1.656663	1.451108
1.659996	1.430727
1.663329	1.468305
1.666662	1.599828
1.669996	1.589956
1.673329	1.617661
1.676662	1.484228
1.679996	1.516073
1.683329	1.436459
1.686662	1.539958
1.689996	1.344425
1.693329	1.466076
1.696662	1.363533
1.699996	1.336464
1.703329	1.410664
1.706662	1.562887
1.709996	1.469579
1.713329	1.295064
1.716662	1.429135
1.719996	1.579446
1.723329	1.477859
1.726662	1.504609
1.729996	1.389646
1.733329	1.349839
1.736662	1.408435
1.739996	1.390920
1.743329	1.326273
1.746662	1.339011
1.749996	1.483909
1.753329	1.426906
1.756662	1.541232
1.759996	1.341241
1.763329	1.517666
1.766662	1.592822
1.769996	1.424995
1.773329	1.329139
1.776662	1.406206
1.779996	1.574670
1.783329	1.347928
1.786662	1.492189
1.789996	1.487731
1.793329	1.469897
1.796662	1.492508
1.799995	1.445376
1.803329	1.401747
1.806662	1.495374
1.809995	1.301752
1.813329	1.504609
1.816662	1.463847
1.819995	1.287103
1.823329	1.459388
1.826662	1.572440
1.829995	1.399837
1.833329	1.346973
1.836662	1.508749
1.839995	1.596325
1.843329	1.619572
1.846662	1.555244
1.849995	1.636769
1.853329	1.550467
1.856662	1.417352
1.859995	1.481680
1.863329	1.376589
1.866662	1.518940
1.869995	1.400792
1.873329	1.356845
1.876662	1.377226
1.879995	1.431682
1.883329	1.400155
1.886662	1.455567
1.889995	1.425950
1.893329	1.386143
1.896662	1.419581
1.899995	1.360985
1.903329	1.410027
1.906662	1.551422
1.909995	1.333598
1.913329	1.439007
1.916662	1.425313
1.919995	1.598554
1.923329	1.386143
1.926662	1.450153
1.929995	1.492826
1.933329	1.343470
1.936662	1.489005
1.939995	1.445694
1.943328	1.340604
1.946662	1.455567
1.949995	1.487412
1.953328	1.511615
1.956662	1.518621
1.959995	1.565116
1.963328	1.390283
1.966662	1.329139
1.969995	1.551741
1.973328	1.290606
1.976662	1.604923
1.979995	1.520532
1.983328	1.300797
1.986662	1.423084
1.989995	1.394423
1.993328	1.475948
1.996662	1.383595
1.999995	1.365762
2.003328	1.455885
2.006662	1.552059
2.009995	1.333279
2.013328	1.552059
2.016662	1.626260
2.019995	1.382958
2.023328	1.502380
2.026662	1.511297
2.029995	1.321815
2.033328	1.418626
2.036662	1.402066
2.039995	1.650144
2.043328	1.569893
2.046662	1.460025
2.049995	1.541550
2.053328	1.474993
2.056662	1.361622
2.059995	1.317038
2.063328	1.263537
2.066661	1.406524
2.069995	1.565434
2.073328	1.596325
2.076661	1.547601
2.079995	1.247933
2.083328	1.493781
2.086661	1.470853
2.089995	1.331687
2.093328	1.475948
2.096661	1.444739
2.099995	1.479769
2.103328	1.386780
2.106661	1.524990
2.109995	1.518621
2.113328	1.626578
2.116661	1.421492
2.119995	1.319904
2.123328	1.496648
2.126661	1.496966
2.129995	1.404932
2.133328	1.496648
2.136661	1.652055
2.139995	1.404295
2.143328	1.498877
2.146661	1.413212
2.149995	1.350157
2.153328	1.502380
2.156661	1.303663
2.159995	1.420536
2.163328	1.263537
2.166661	1.393786
2.169995	1.587089
2.173328	1.571167
2.176661	1.387417
2.179995	1.429135
2.183328	1.389009
2.186661	1.384232
2.189995	1.505883
2.193328	1.483909
2.196661	1.448879
2.199994	1.470853
2.203328	1.407480
2.206661	1.337101
2.209994	1.399200
2.213328	1.598872
2.216661	1.432319
2.219994	1.536136
2.223328	1.610018
2.226661	1.546645
2.229994	1.403340
2.233328	1.383277
2.236661	1.525627
2.239994	1.324044
2.243328	1.319904
2.246661	1.394104
2.249994	1.517029
2.253328	1.313853
2.256661	1.249843
2.259994	1.478177
2.263328	1.447287
2.266661	1.346973
2.269994	1.471171
2.273328	1.534544
2.276661	1.510023
2.279994	1.417033
2.283328	1.420536
2.286661	1.663519
2.289994	1.512889
2.293328	1.543142
2.296661	1.447287
2.299994	1.522124
2.303328	1.333916
2.306661	1.346336
2.309994	1.522124
2.313328	1.508431
2.316661	1.618935
2.319994	1.403021
2.323328	1.402384
2.326661	1.437096
2.329994	1.393786
2.333327	1.341559
2.336661	1.320222
2.339994	1.342196
2.343327	1.384869
2.346661	1.493463
2.349994	1.563205
2.353327	1.627852
2.356661	1.466713
2.359994	1.449198
2.363327	1.541232
2.366661	1.531041
2.369994	1.466713
2.373327	1.417670
2.376661	1.452382
2.379994	1.370539
2.383327	1.359711
2.386661	1.321496
2.389994	1.469260
2.393327	1.451427
2.396661	1.501743
2.399994	1.532952
2.403327	1.365443
2.406661	1.320541
2.409994	1.382003
2.413327	1.269588
2.416661	1.419263
2.419994	1.490278
2.423327	1.482954
2.426661	1.520213
2.429994	1.321496
2.433327	1.491871
2.436661	1.504609
2.439994	1.470534
2.443327	1.477859
2.446661	1.485183
2.449994	1.559702
2.453327	1.426906
2.456661	1.525309
2.459994	1.502698
2.463327	1.353979
2.466660	1.332324
2.469994	1.540913
2.473327	1.581357
2.476660	1.326592
2.479994	1.616706
2.483327	1.491552
2.486660	1.358437
2.489994	1.272454
2.493327	1.401429
2.496660	1.440599
2.499994	1.490597
2.503327	1.473082
2.506660	1.525309
2.509994	1.392831
2.513327	1.279460
2.516660	1.511297
2.519994	1.450153
2.523327	1.419581
2.526660	1.386143
2.529994	1.445694
2.533327	1.582313
2.536660	1.624030
2.539994	1.570211
2.543327	1.529449
2.546660	1.450790
2.549994	1.459388
2.553327	1.581039
2.556660	1.460344
2.559994	1.446968
2.563327	1.575306
2.566660	1.467986
2.569994	1.316082
2.573327	1.362896
2.576660	1.367354
2.579994	1.501424
2.583327	1.400155
2.586660	1.524672
2.589994	1.509704
2.593327	1.557473
2.596660	1.584223
2.599994	1.367991
2.603327	1.372768
2.606660	1.388054
2.609993	1.561931
2.613327	1.510660
2.616660	1.296657
2.619993	1.489005
2.623327	1.531678
2.626660	1.553970
2.629993	1.562250
2.633327	1.259397
2.636660	1.464483
2.639993	1.451108
2.643327	1.462891
2.646660	1.305255
2.649993	1.403340
2.653327	1.564160
2.656660	1.535181
2.659993	1.447924
2.663327	1.492826
2.666660	1.532315
2.669993	1.392831
2.673327	1.415441
2.676660	1.520850
2.679993	1.508112
2.683327	1.507794
2.686660	1.427542
2.689993	1.414486
2.693327	1.377863
2.696660	1.436778
2.699993	1.562887
2.703327	1.499832
2.706660	1.436459
2.709993	1.478814
2.713327	1.616069
2.716660	1.497921
2.719993	1.317993
2.723327	1.598235
2.726660	1.494100
2.729993	1.385825
2.733326	1.452382
2.736660	1.586771
2.739993	1.410346
2.743326	1.394741
2.746660	1.367991
2.749993	1.554607
2.753326	1.498558
2.756660	1.391875
2.759993	1.311306
2.763326	1.301115
2.766660	1.408117
2.769993	1.404932
2.773326	1.489323
2.776660	1.473719
2.779993	1.412575
2.783326	1.479769
2.786660	1.471489
2.789993	1.596006
2.793326	1.412893
2.796660	1.513207
2.799993	1.515118
2.803326	1.410983
2.806660	1.466076
2.809993	1.376271
2.813326	1.427861
2.816660	1.597917
2.819993	1.417352
2.823326	1.445058
2.826660	1.637724
2.829993	1.471171
2.833326	1.467668
2.836660	1.505246
2.839993	1.557473
2.843326	1.425950
2.846660	1.583268
2.849993	1.422766
2.853326	1.390920
2.856660	1.489323
2.859993	1.267677
2.863326	1.418944
2.866659	1.472126
2.869993	1.461299
2.873326	1.316401
2.876659	1.524990
2.879993	1.433593
2.883326	1.445694
2.886659	1.460662
2.889993	1.408753
2.893326	1.437733
2.896659	1.464802
2.899993	1.414804
2.903326	1.446968
2.906659	1.340922
2.909993	1.389646
2.913326	1.469897
2.916659	1.460662
2.919993	1.314490
2.923326	1.248570
2.926659	1.535499
2.929993	1.578173
2.933326	1.614158
2.936659	1.550148
2.939993	1.371812
2.943326	1.502061
2.946659	1.326273
2.949993	1.345699
2.953326	1.410983
2.956659	1.509067
2.959993	1.540913
2.963326	1.496011
2.966659	1.596962
2.969993	1.453974
2.973326	1.385825
2.976659	1.520850
2.979993	1.516392
2.983326	1.569256
2.986659	1.645685
2.989993	1.460025
2.993326	1.405887
2.996659	1.557473
2.999992	1.584542
3.003326	1.414804
3.006659	1.542505
3.009992	1.605241
3.013326	1.432001
3.016659	1.442191
3.019992	1.490278
3.023326	1.427861
3.026659	1.551422
3.029992	1.542824
3.033326	1.599191
3.036659	1.466076
3.039992	1.261308
3.043326	1.432956
3.046659	1.450153
3.049992	1.612566
3.053326	1.349839
3.056659	1.506838
3.059992	1.481680
3.063326	1.515437
3.066659	1.500469
3.069992	1.300797
3.073326	1.415441
3.076659	1.504609
3.079992	1.343788
3.083326	1.451745
3.086659	1.499195
3.089992	1.337101
3.093326	1.510341
3.096659	1.534226
3.099992	1.522443
3.103326	1.534862
3.106659	1.661927
3.109992	1.518940
3.113326	1.354616
3.116659	1.528175
3.119992	1.667659
3.123326	1.559702
3.126659	1.389646
3.129992	1.496011
3.133325	1.598235
3.136659	1.599191
3.139992	1.365125
3.143325	1.571803
3.146659	1.548556
3.149992	1.425950
3.153325	1.470216
3.156659	1.352068
3.159992	1.474674
3.163325	1.364169
3.166659	1.330095
3.169992	1.579446
3.173325	1.514800
3.176659	1.565753
3.179992	1.660016
3.183325	1.607152
3.186659	1.485820
3.189992	1.521169
3.193325	1.467986
3.196659	1.370220
3.199992	1.574351
3.203325	1.421173
3.206659	1.622120
3.209992	1.566071
3.213325	1.670844
3.216659	1.550148
3.219992	1.349839
3.223325	1.362259
3.226659	1.445376
3.229992	1.341877
3.233325	1.531678
3.236659	1.502380
3.239992	1.608426
3.243325	1.629444
3.246659	1.458433
3.249992	1.523716
3.253325	1.386143
3.256659	1.447924
3.259992	1.524035
3.263325	1.315446
3.266658	1.288695
3.269992	1.248251
3.273325	1.506520
3.276658	1.471171
3.279992	1.429135
3.283325	1.474993
3.286658	1.296338
3.289992	1.342514
3.293325	1.384551
3.296658	1.509704
3.299992	1.366399
3.303325	1.375634
3.306658	1.384232
3.309992	1.466076
3.313325	1.388054
3.316658	1.508112
3.319992	1.518940
3.323325	1.510023
3.326658	1.493463
3.329992	1.338693
3.333325	1.434867
3.336658	1.326592
3.339992	1.540913
3.343325	1.328184
3.346658	1.620527
3.349992	1.573396
3.353325	1.396971
3.356658	1.462254
3.359992	1.278186
3.363325	1.353342
3.366658	1.427861
3.369992	1.511297
3.373325	1.303981
3.376658	1.491871
3.379992	1.469579
3.383325	1.449834
3.386658	1.479769
3.389992	1.504609
3.393325	1.451108
3.396658	1.464165
3.399991	1.338693
3.403325	1.559065
3.406658	1.517029
3.409991	1.453656
3.413325	1.465757
3.416658	1.587726
3.419991	1.460344
3.423325	1.339011
3.426658	1.466713
3.429991	1.554607
3.433325	1.284555
3.436658	1.461299
3.439991	1.409709
3.443325	1.422766
3.446658	1.327865
3.449991	1.571485
3.453325	1.458751
3.456658	1.475629
3.459991	1.499514
3.463325	1.581676
3.466658	1.406206
3.469991	1.460980
3.473325	1.461299
3.476658	1.309395
3.479991	1.510660
3.483325	1.348247
3.486658	1.360030
3.489991	1.416396
3.493325	1.339648
3.496658	1.321496
3.499991	1.506838
3.503325	1.478496
3.506658	1.521169
3.509991	1.483909
3.513325	1.496329
3.516658	1.488368
3.519991	1.608108
3.523325	1.382640
3.526658	1.407798
3.529991	1.468942
3.533324	1.439007
3.536658	1.378819
3.539991	1.383277
3.543324	1.504291
3.546658	1.354297
3.549991	1.440599
3.553324	1.581357
3.556658	1.291561
3.559991	1.363533
3.563324	1.661290
3.566658	1.653965
3.569991	1.462573
3.573324	1.405569
3.576658	1.388691
3.579991	1.542505
3.583324	1.447287
3.586658	1.638998
3.589991	1.480725
3.593324	1.587408
3.596658	1.557473
3.599991	1.510660
3.603324	1.566708
3.606658	1.394423
3.609991	1.389646
3.613324	1.619572
3.616658	1.596325
3.619991	1.435185
3.623324	1.485183
3.626658	1.594414
3.629991	1.422447
3.633324	1.561613
3.636658	1.561931
3.639991	1.566708
3.643324	1.416715
3.646658	1.360030
3.649991	1.498877
3.653324	1.635813
3.656658	1.527219
3.659991	1.496648
3.663324	1.411301
3.666657	1.511297
3.669991	1.435504
3.673324	1.421173
3.676657	1.509386
3.679991	1.518621
3.683324	1.356527
3.686657	1.482954
3.689991	1.449198
3.693324	1.569574
3.696657	1.467350
3.699991	1.542824
3.703324	1.523080
3.706657	1.289651
3.709991	1.569574
3.713324	1.572759
3.716657	1.580083
3.719991	1.424676
3.723324	1.555881
3.726657	1.592822
3.729991	1.474037
3.733324	1.481680
3.736657	1.415760
3.739991	1.622120
3.743324	1.486457
3.746657	1.666067
3.749991	1.446968
3.753324	1.361622
3.756657	1.581994
3.759991	1.535818
3.763324	1.441236
3.766657	1.637406
3.769991	1.605878
3.773324	1.494100
3.776657	1.318949
3.779991	1.283600
3.783324	1.451108
3.786657	1.303344
3.789991	1.418307
3.793324	1.503335
3.796657	1.596643
3.799990	1.589000
3.803324	1.415123
3.806657	1.410664
3.809990	1.485820
3.813324	1.475311
3.816657	1.339011
3.819990	1.314490
3.823324	1.390601
3.826657	1.403340
3.829990	1.413530
3.833324	1.348884
3.836657	1.509704
3.839990	1.409390
3.843324	1.464165
3.846657	1.477540
3.849990	1.405250
3.853324	1.326910
3.856657	1.386143
3.859990	1.428179
3.863324	1.426587
3.866657	1.389009
3.869990	1.600783
3.873324	1.651418
3.876657	1.520213
3.879990	1.420218
3.883324	1.578173
3.886657	1.438688
3.889990	1.404295
3.893324	1.423402
3.896657	1.480725
3.899990	1.558428
3.903324	1.410027
3.906657	1.483909
3.909990	1.420536
3.913324	1.458114
3.916657	1.539002
3.919990	1.571485
3.923324	1.473400
3.926657	1.524672
3.929990	1.616706
3.933323	1.488686
3.936657	1.365125
3.939990	1.472445
3.943323	1.307166
3.946657	1.332961
3.949990	1.360985
3.953323	1.563842
3.956657	1.419263
3.959990	1.393786
3.963323	1.421492
3.966657	1.539002
3.969990	1.400155
3.973323	1.523080
3.976657	1.577217
3.979990	1.351431
3.983323	1.517347
3.986657	1.571485
3.989990	1.578810
3.993323	1.514800
3.996657	1.416715
3.999990	1.438370
4.003323	1.403340
4.006657	1.448561
4.009990	1.412256
4.013323	1.386461
4.016657	1.390920
4.019990	1.571485
4.023323	1.424358
4.026657	1.546645
4.029990	1.470853
4.033323	1.243793
4.036657	1.499195
4.039990	1.568300
4.043323	1.470853
4.046657	1.423721
4.049990	1.449516
4.053323	1.547282
4.056657	1.384869
4.059990	1.447287
4.063323	1.437415
4.066656	1.452701
4.069990	1.518621
4.073323	1.449834
4.076656	1.310032
4.079990	1.462573
4.083323	1.345699
4.086656	1.526583
4.089990	1.434867
4.093323	1.483909
4.096656	1.261308
4.099990	1.344107
4.103323	1.543461
4.106656	1.413849
4.109990	1.407798
4.113323	1.596325
4.116656	1.609063
4.119990	1.291880
4.123323	1.470853
4.126656	1.531996
4.129990	1.457159
4.133323	1.434548
4.136656	1.485183
4.139990	1.510341
4.143323	1.326273
4.146656	1.412256
4.149990	1.372449
4.153323	1.562250
4.156656	1.563524
4.159990	1.499514
4.163323	1.282008
4.166656	1.502698
4.169990	1.438370
4.173323	1.453974
4.176656	1.451427
4.179990	1.420855
4.183323	1.488368
4.186656	1.350476
4.189990	1.307484
4.193323	1.335508
4.196656	1.421810
4.199990	1.567664
4.203323	1.425950
4.206656	1.455248
4.209989	1.443147
4.213323	1.367991
4.216656	1.416078
4.219989	1.402384
4.223323	1.502061
4.226656	1.245067
4.229989	1.362896
4.233323	1.515437
4.236656	1.436459
4.239989	1.532952
4.243323	1.251436
4.246656	1.584542
4.249989	1.504291
4.253323	1.658424
4.256656	1.446650
4.259989	1.427542
4.263323	1.466076
4.266656	1.528175
4.269989	1.563524
4.273323	1.320541
4.276656	1.316401
4.279989	1.326592
4.283323	1.660653
4.286656	1.580720
4.289989	1.537410
4.293323	1.565753
4.296656	1.503654
4.299989	1.353979
4.303323	1.680397
4.306656	1.547282
4.309989	1.367673
4.313323	1.587726
4.316656	1.484546
4.319989	1.475311
4.323323	1.565753
4.326656	1.406524
4.329989	1.512889
4.333322	1.631673
4.336656	1.555562
4.339989	1.525627
4.343322	1.492508
4.346656	1.334235
4.349989	1.443784
4.353322	1.439644
4.356656	1.299841
4.359989	1.330413
4.363322	1.518303
4.366656	1.489005
4.369989	1.412256
4.373322	1.560339
4.376656	1.524672
4.379989	1.471171
4.383322	1.401747
4.386656	1.373086
4.389989	1.594095
4.393322	1.367036
4.396656	1.424995
4.399989	1.597598
4.403322	1.439644
4.406656	1.398563
4.409989	1.605241
4.413322	1.440599
4.416656	1.302389
4.419989	1.496011
4.423322	1.310669
4.426656	1.489323
4.429989	1.553651
4.433322	1.398244
4.436656	1.441873
4.439989	1.383595
4.443322	1.456204
4.446656	1.456204
4.449989	1.583268
4.453322	1.473082
4.456656	1.523716
4.459989	1.601101
4.463322	1.474993
4.466655	1.446968
4.469989	1.463847
4.473322	1.446013
4.476655	1.530404
4.479989	1.498240
4.483322	1.455248
4.486655	1.463210
4.489989	1.507475
4.493322	1.468623
4.496655	1.575306
4.499989	1.510978
4.503322	1.343788
4.506655	1.546645
4.509989	1.239653
4.513322	1.361303
4.516655	1.409072
4.519989	1.424039
4.523322	1.633903
4.526655	1.589319
4.529989	1.498240
4.533322	1.436459
4.536655	1.612884
4.539989	1.542505
4.543322	1.514481
4.546655	1.515437
4.549989	1.585816
4.553322	1.515118
4.556655	1.351113
4.559989	1.365443
4.563322	1.586452
4.566655	1.632629
4.569989	1.530086
4.573322	1.496011
4.576655	1.332324
4.579989	1.378182
4.583322	1.443784
4.586655	1.671799
4.589989	1.522443
4.593322	1.566071
4.596655	1.497285
4.599988	1.268951
4.603322	1.584223
4.606655	1.487094
4.609988	1.511297
4.613322	1.417352
4.616655	1.436778
4.619988	1.522443
4.623322	1.540276
4.626655	1.353342
4.629988	1.453656
4.633322	1.594095
4.636655	1.323089
4.639988	1.286148
4.643322	1.512889
4.646655	1.520213
4.649988	1.551422
4.653322	1.474993
4.656655	1.495692
4.659988	1.433593
4.663322	1.341241
4.666655	1.369902
4.669988	1.565116
4.673322	1.445376
4.676655	1.497285
4.679988	1.451745
4.683322	1.493145
4.686655	1.638043
4.689988	1.374042
4.693322	1.313853
4.696655	1.478177
4.699988	1.609063
4.703322	1.425632
4.706655	1.396652
4.709988	1.507794
4.713322	1.600146
4.716655	1.583268
4.719988	1.421492
4.723322	1.536455
4.726655	1.496011
4.729988	1.458114
4.733321	1.382003
4.736655	1.595688
4.739988	1.642182
4.743321	1.474356
4.746655	1.590911
4.749988	1.513526
4.753321	1.510341
4.756655	1.510023
4.759988	1.467350
4.763321	1.437415
4.766655	1.341877
4.769988	1.317038
4.773321	1.245067
4.776655	1.472126
4.779988	1.328502
4.783321	1.386143
4.786655	1.499832
4.789988	1.416078
4.793321	1.451745
4.796655	1.250799
4.799988	1.431364
4.803321	1.491552
4.806655	1.572440
4.809988	1.345062
4.813321	1.398563
4.816655	1.467668
4.819988	1.567982
4.823321	1.498240
4.826655	1.522761
4.829988	1.476903
4.833321	1.560021
4.836655	1.441236
4.839988	1.374042
4.843321	1.397926
4.846655	1.622120
4.849988	1.420218
4.853321	1.335190
4.856655	1.459707
4.859988	1.427861
4.863321	1.614477
4.866655	1.515118
4.869988	1.431682
4.873321	1.441236
4.876654	1.503654
4.879988	1.496648
4.883321	1.489005
4.886654	1.349520
4.889988	1.468305
4.893321	1.585816
4.896654	1.509704
4.899988	1.334235
4.903321	1.456522
4.906654	1.559702
4.909988	1.586771
4.913321	1.536136
4.916654	1.307803
4.919988	1.503335
4.923321	1.449198
4.926654	1.535818
4.929988	1.348247
4.933321	1.621164
4.936654	1.657468
4.939988	1.380411
4.943321	1.372768
4.946654	1.483272
4.949988	1.354616
4.953321	1.534862
4.956654	1.561613
4.959988	1.496966
4.963321	1.542505
4.966654	1.410346
4.969988	1.550785
4.973321	1.471808
4.976654	1.480088
4.979988	1.404932
4.983321	1.359393
4.986654	1.368309
4.989988	1.336464
4.993321	1.484228
4.996654	1.568619

