LabVIEW Measurement	
Writer_Version	2
Reader_Version	2
Separator	Tab
Decimal_Separator	.
Multi_Headings	Yes
X_Columns	One
Time_Pref	Absolute
Operator	labuser
Date	2019/05/16
Time	10:53:58.158709024999919809
***End_of_Header***	
	
Channels	1	
Samples	1500	
Date	2019/05/16	
Time	11:04:56.6945560249996423506	
Y_Unit_Label	Volts	
X_Dimension	Time	
X0	0.0000000000000000E+0	
Delta_X	0.003333	
***End_of_Header***		
X_Value	Voltage	Comment
0.000000	1.556518
0.003333	1.683900
0.006667	1.580720
0.010000	1.638679
0.013333	1.618298
0.016667	1.501106
0.020000	1.534862
0.023333	1.530404
0.026667	1.654921
0.030000	1.521169
0.033333	1.506201
0.036667	1.592822
0.040000	1.503654
0.043333	1.531041
0.046667	1.480406
0.050000	1.587408
0.053333	1.515118
0.056667	1.661290
0.060000	1.471808
0.063333	1.571803
0.066666	1.581357
0.070000	1.573714
0.073333	1.533270
0.076666	1.344425
0.080000	1.393786
0.083333	1.421173
0.086666	1.410664
0.090000	1.552059
0.093333	1.515118
0.096666	1.651418
0.100000	1.516392
0.103333	1.696002
0.106666	1.546645
0.110000	1.605560
0.113333	1.482317
0.116666	1.368946
0.120000	1.481043
0.123333	1.609063
0.126666	1.552696
0.130000	1.643775
0.133333	1.629126
0.136666	1.576262
0.140000	1.639953
0.143333	1.564160
0.146666	1.414804
0.150000	1.595051
0.153333	1.687403
0.156666	1.404932
0.160000	1.359711
0.163333	1.567664
0.166666	1.466713
0.170000	1.524990
0.173333	1.672754
0.176666	1.589956
0.180000	1.632629
0.183333	1.665430
0.186666	1.547601
0.190000	1.467350
0.193333	1.331687
0.196666	1.516710
0.199999	1.553651
0.203333	1.515755
0.206666	1.649189
0.209999	1.528812
0.213333	1.584223
0.216666	1.716383
0.219999	1.617661
0.223333	1.602375
0.226666	1.560339
0.229999	1.705874
0.233333	1.658742
0.236666	1.574988
0.239999	1.631673
0.243333	1.394104
0.246666	1.600465
0.249999	1.497921
0.253333	1.518940
0.256666	1.258760
0.259999	1.457796
0.263333	1.505246
0.266666	1.332961
0.269999	1.520213
0.273333	1.603649
0.276666	1.510978
0.279999	1.612247
0.283333	1.668296
0.286666	1.357800
0.289999	1.595369
0.293333	1.367673
0.296666	1.687403
0.299999	1.611292
0.303333	1.463528
0.306666	1.537410
0.309999	1.674984
0.313333	1.612566
0.316666	1.551422
0.319999	1.404614
0.323333	1.594414
0.326666	1.624030
0.329999	1.550148
0.333332	1.270543
0.336666	1.308121
0.339999	1.671480
0.343332	1.631673
0.346666	1.475311
0.349999	1.594732
0.353332	1.620209
0.356666	1.416078
0.359999	1.558110
0.363332	1.492189
0.366666	1.583905
0.369999	1.544098
0.373332	1.483272
0.376666	1.292835
0.379999	1.613521
0.383332	1.605241
0.386666	1.433593
0.389999	1.459388
0.393332	1.545053
0.396666	1.605241
0.399999	1.514800
0.403332	1.420218
0.406666	1.516392
0.409999	1.444739
0.413332	1.596325
0.416666	1.699823
0.419999	1.671162
0.423332	1.644412
0.426666	1.474356
0.429999	1.610018
0.433332	1.491234
0.436666	1.417989
0.439999	1.594095
0.443332	1.517666
0.446666	1.494737
0.449999	1.349202
0.453332	1.524672
0.456666	1.611929
0.459999	1.688359
0.463332	1.671480
0.466665	1.483272
0.469999	1.511297
0.473332	1.419581
0.476665	1.410027
0.479999	1.532315
0.483332	1.582313
0.486665	1.454611
0.489999	1.535181
0.493332	1.626578
0.496665	1.651736
0.499999	1.573077
0.503332	1.595369
0.506665	1.513207
0.509999	1.678805
0.513332	1.599509
0.516665	1.475311
0.519999	1.632310
0.523332	1.551741
0.526665	1.537729
0.529999	1.508431
0.533332	1.629126
0.536665	1.493781
0.539999	1.684537
0.543332	1.651418
0.546665	1.555881
0.549999	1.473400
0.553332	1.661608
0.556665	1.628170
0.559999	1.716701
0.563332	1.430727
0.566665	1.494418
0.569999	1.703008
0.573332	1.717338
0.576665	1.567982
0.579999	1.491552
0.583332	1.692499
0.586665	1.637087
0.589999	1.494418
0.593332	1.528175
0.596665	1.627852
0.599998	1.647596
0.603332	1.630400
0.606665	1.666704
0.609998	1.558110
0.613332	1.614477
0.616665	1.710651
0.619998	1.494737
0.623332	1.635813
0.626665	1.658742
0.629998	1.554925
0.633332	1.484865
0.636665	1.494737
0.639998	1.489005
0.643332	1.642501
0.646665	1.616069
0.649998	1.457796
0.653332	1.401429
0.656665	1.647915
0.659998	1.568300
0.663332	1.450790
0.666665	1.543779
0.669998	1.587089
0.673332	1.546008
0.676665	1.614795
0.679998	1.640272
0.683332	1.684219
0.686665	1.548875
0.689998	1.369265
0.693332	1.593459
0.696665	1.672117
0.699998	1.597280
0.703332	1.600783
0.706665	1.597280
0.709998	1.630081
0.713332	1.544416
0.716665	1.505246
0.719998	1.508112
0.723332	1.692499
0.726665	1.527219
0.729998	1.629444
0.733331	1.614795
0.736665	1.684856
0.739998	1.610974
0.743331	1.576262
0.746665	1.649507
0.749998	1.578810
0.753331	1.619572
0.756665	1.588045
0.759998	1.589956
0.763331	1.572440
0.766665	1.650144
0.769998	1.613521
0.773331	1.519895
0.776665	1.594414
0.779998	1.637406
0.783331	1.479132
0.786665	1.489005
0.789998	1.615114
0.793331	1.490597
0.796665	1.510660
0.799998	1.608108
0.803331	1.492189
0.806665	1.543142
0.809998	1.567664
0.813331	1.456840
0.816665	1.638679
0.819998	1.613203
0.823331	1.516710
0.826665	1.537729
0.829998	1.666704
0.833331	1.320859
0.836665	1.490915
0.839998	1.448561
0.843331	1.613840
0.846665	1.473400
0.849998	1.562250
0.853331	1.562250
0.856665	1.497285
0.859998	1.422766
0.863331	1.511615
0.866664	1.438052
0.869998	1.644412
0.873331	1.531359
0.876664	1.660334
0.879998	1.622757
0.883331	1.592822
0.886664	1.491234
0.889998	1.609700
0.893331	1.566390
0.896664	1.680716
0.899998	1.713517
0.903331	1.603968
0.906664	1.372131
0.909998	1.432319
0.913331	1.647596
0.916664	1.542824
0.919998	1.612566
0.923331	1.612247
0.926664	1.597917
0.929998	1.549193
0.933331	1.503017
0.936664	1.486139
0.939998	1.703326
0.943331	1.551422
0.946664	1.598235
0.949998	1.508112
0.953331	1.704600
0.956664	1.587089
0.959998	1.414804
0.963331	1.529767
0.966664	1.482317
0.969998	1.672117
0.973331	1.653328
0.976664	1.567027
0.979998	1.378819
0.983331	1.539958
0.986664	1.622757
0.989998	1.606515
0.993331	1.618298
0.996664	1.509704
0.999997	1.442191
1.003331	1.471808
1.006664	1.646322
1.009997	1.661290
1.013331	1.654284
1.016664	1.623393
1.019997	1.558428
1.023331	1.547919
1.026664	1.475311
1.029997	1.550785
1.033331	1.659698
1.036664	1.596643
1.039997	1.560021
1.043331	1.456204
1.046664	1.559065
1.049997	1.594095
1.053331	1.671162
1.056664	1.607152
1.059997	1.587726
1.063331	1.640272
1.066664	1.538684
1.069997	1.520532
1.073331	1.718612
1.076664	1.576580
1.079997	1.542824
1.083331	1.475311
1.086664	1.459388
1.089997	1.615114
1.093331	1.576580
1.096664	1.579765
1.099997	1.452064
1.103331	1.608744
1.106664	1.563842
1.109997	1.458114
1.113331	1.487094
1.116664	1.617343
1.119997	1.604923
1.123331	1.582313
1.126664	1.427542
1.129997	1.559702
1.133331	1.636450
1.136664	1.571167
1.139997	1.553651
1.143330	1.618617
1.146664	1.376271
1.149997	1.599509
1.153330	1.676257
1.156664	1.590911
1.159997	1.645367
1.163330	1.608744
1.166664	1.648552
1.169997	1.592503
1.173330	1.624030
1.176664	1.559384
1.179997	1.685811
1.183330	1.605878
1.186664	1.493781
1.189997	1.476903
1.193330	1.638361
1.196664	1.535499
1.199997	1.594095
1.203330	1.666704
1.206664	1.546645
1.209997	1.597280
1.213330	1.737083
1.216664	1.703326
1.219997	1.625623
1.223330	1.566708
1.226664	1.515755
1.229997	1.724663
1.233330	1.625941
1.236664	1.622438
1.239997	1.534544
1.243330	1.627533
1.246664	1.589319
1.249997	1.584860
1.253330	1.417033
1.256664	1.516073
1.259997	1.684537
1.263330	1.656513
1.266663	1.632947
1.269997	1.524672
1.273330	1.585816
1.276663	1.626897
1.279997	1.475629
1.283330	1.426587
1.286663	1.516073
1.289997	1.636769
1.293330	1.534226
1.296663	1.422447
1.299997	1.531359
1.303330	1.624667
1.306663	1.507794
1.309997	1.598235
1.313330	1.725300
1.316663	1.528493
1.319997	1.715428
1.323330	1.678168
1.326663	1.578491
1.329997	1.430090
1.333330	1.525627
1.336663	1.647278
1.339997	1.677213
1.343330	1.690269
1.346663	1.654921
1.349997	1.673073
1.353330	1.521169
1.356663	1.563524
1.359997	1.467031
1.363330	1.361622
1.366663	1.615114
1.369997	1.504609
1.373330	1.504291
1.376663	1.517984
1.379997	1.676894
1.383330	1.600465
1.386663	1.539002
1.389997	1.608426
1.393330	1.571485
1.396663	1.589319
1.399996	1.526264
1.403330	1.341877
1.406663	1.565753
1.409996	1.592185
1.413330	1.646322
1.416663	1.558428
1.419996	1.687403
1.423330	1.464802
1.426663	1.337101
1.429996	1.427224
1.433330	1.461617
1.436663	1.526264
1.439996	1.553651
1.443330	1.667022
1.446663	1.475948
1.449996	1.604605
1.453330	1.654921
1.456663	1.592822
1.459996	1.437415
1.463330	1.536136
1.466663	1.521487
1.469996	1.446650
1.473330	1.353342
1.476663	1.560976
1.479996	1.628807
1.483330	1.549511
1.486663	1.519577
1.489996	1.376271
1.493330	1.330413
1.496663	1.627215
1.499996	1.617343
1.503330	1.618617
1.506663	1.647596
1.509996	1.474356
1.513330	1.560976
1.516663	1.600465
1.519996	1.424039
1.523330	1.365125
1.526663	1.432319
1.529996	1.646959
1.533330	1.660334
1.536663	1.559702
1.539996	1.480725
1.543329	1.610337
1.546663	1.636132
1.549996	1.412575
1.553329	1.617024
1.556663	1.573714
1.559996	1.325318
1.563329	1.380411
1.566663	1.571803
1.569996	1.674347
1.573329	1.654921
1.576663	1.582631
1.579996	1.416078
1.583329	1.549511
1.586663	1.648870
1.589996	1.603968
1.593329	1.606515
1.596663	1.585179
1.599996	1.653328
1.603329	1.577536
1.606663	1.315446
1.609996	1.618617
1.613329	1.530722
1.616663	1.422447
1.619996	1.527856
1.623329	1.617343
1.626663	1.462891
1.629996	1.620846
1.633329	1.685811
1.636663	1.559384
1.639996	1.507157
1.643329	1.506520
1.646663	1.561613
1.649996	1.527219
1.653329	1.653328
1.656663	1.584542
1.659996	1.563524
1.663329	1.375315
1.666662	1.458433
1.669996	1.475629
1.673329	1.611929
1.676662	1.613840
1.679996	1.576899
1.683329	1.583905
1.686662	1.633903
1.689996	1.627533
1.693329	1.577217
1.696662	1.459388
1.699996	1.650462
1.703329	1.632310
1.706662	1.495055
1.709996	1.525309
1.713329	1.599828
1.716662	1.635495
1.719996	1.665111
1.723329	1.617661
1.726662	1.654284
1.729996	1.619254
1.733329	1.578491
1.736662	1.477859
1.739996	1.533907
1.743329	1.446650
1.746662	1.446013
1.749996	1.634221
1.753329	1.581676
1.756662	1.574033
1.759996	1.533589
1.763329	1.670844
1.766662	1.625623
1.769996	1.450471
1.773329	1.603968
1.776662	1.614795
1.779996	1.490278
1.783329	1.633266
1.786662	1.621164
1.789996	1.651418
1.793329	1.623393
1.796662	1.594095
1.799995	1.571485
1.803329	1.387098
1.806662	1.646641
1.809995	1.653328
1.813329	1.577217
1.816662	1.659698
1.819995	1.687085
1.823329	1.510660
1.826662	1.629763
1.829995	1.494737
1.833329	1.666385
1.836662	1.591229
1.839995	1.657150
1.843329	1.517029
1.846662	1.457796
1.849995	1.617024
1.853329	1.510978
1.856662	1.665430
1.859995	1.517984
1.863329	1.596643
1.866662	1.641864
1.869995	1.459070
1.873329	1.613203
1.876662	1.675302
1.879995	1.660653
1.883329	1.524990
1.886662	1.682945
1.889995	1.680716
1.893329	1.526901
1.896662	1.530404
1.899995	1.639635
1.903329	1.699823
1.906662	1.585179
1.909995	1.411938
1.913329	1.637724
1.916662	1.705874
1.919995	1.641864
1.923329	1.700460
1.926662	1.623075
1.929995	1.701734
1.933329	1.600465
1.936662	1.630718
1.939995	1.546964
1.943328	1.480725
1.946662	1.703326
1.949995	1.585179
1.953328	1.380411
1.956662	1.478177
1.959995	1.621483
1.963328	1.646959
1.966662	1.671799
1.969995	1.530404
1.973328	1.451108
1.976662	1.657787
1.979995	1.633903
1.983328	1.598872
1.986662	1.666385
1.989995	1.532315
1.993328	1.549830
1.996662	1.537729
1.999995	1.623075
2.003328	1.623075
2.006662	1.523080
2.009995	1.649825
2.013328	1.613840
2.016662	1.601738
2.019995	1.454293
2.023328	1.574351
2.026662	1.606834
2.029995	1.554607
2.033328	1.552378
2.036662	1.582949
2.039995	1.531041
2.043328	1.562887
2.046662	1.734217
2.049995	1.634858
2.053328	1.548556
2.056662	1.572759
2.059995	1.652373
2.063328	1.499514
2.066661	1.430409
2.069995	1.568937
2.073328	1.544735
2.076661	1.593459
2.079995	1.627852
2.083328	1.615751
2.086661	1.559065
2.089995	1.256849
2.093328	1.389646
2.096661	1.491871
2.099995	1.539639
2.103328	1.480088
2.106661	1.603968
2.109995	1.689951
2.113328	1.593459
2.116661	1.535818
2.119995	1.500151
2.123328	1.554607
2.126661	1.577536
2.129995	1.514163
2.133328	1.557473
2.136661	1.673073
2.139995	1.715109
2.143328	1.531678
2.146661	1.613203
2.149995	1.574033
2.153328	1.495374
2.156661	1.559702
2.159995	1.691225
2.163328	1.615114
2.166661	1.618617
2.169995	1.471808
2.173328	1.653965
2.176661	1.545372
2.179995	1.555881
2.183328	1.553333
2.186661	1.458114
2.189995	1.357800
2.193328	1.618935
2.196661	1.486775
2.199994	1.531996
2.203328	1.381366
2.206661	1.625304
2.209994	1.556518
2.213328	1.584860
2.216661	1.465439
2.219994	1.599191
2.223328	1.647596
2.226661	1.446331
2.229994	1.634221
2.233328	1.625304
2.236661	1.544735
2.239994	1.575943
2.243328	1.624986
2.246661	1.631036
2.249994	1.528812
2.253328	1.372449
2.256661	1.710332
2.259994	1.501106
2.263328	1.460344
2.266661	1.526264
2.269994	1.653965
2.273328	1.649189
2.276661	1.615751
2.279994	1.680079
2.283328	1.668614
2.286661	1.725300
2.289994	1.683263
2.293328	1.672754
2.296661	1.661927
2.299994	1.664156
2.303328	1.686766
2.306661	1.654284
2.309994	1.579765
2.313328	1.446013
2.316661	1.698231
2.319994	1.607152
2.323328	1.508431
2.326661	1.554925
2.329994	1.695046
2.333327	1.623712
2.336661	1.528175
2.339994	1.285192
2.343327	1.560339
2.346661	1.551422
2.349994	1.458114
2.353327	1.555881
2.356661	1.653010
2.359994	1.617343
2.363327	1.581676
2.366661	1.586771
2.369994	1.582949
2.373327	1.469579
2.376661	1.437096
2.379994	1.653965
2.383327	1.635176
2.386661	1.610018
2.389994	1.636132
2.393327	1.619890
2.396661	1.578491
2.399994	1.567027
2.403327	1.646004
2.406661	1.580083
2.409994	1.631036
2.413327	1.595369
2.416661	1.587089
2.419994	1.614477
2.423327	1.664474
2.426661	1.635495
2.429994	1.523080
2.433327	1.530086
2.436661	1.555881
2.439994	1.596962
2.443327	1.698549
2.446661	1.612566
2.449994	1.634858
2.453327	1.652055
2.456661	1.600146
2.459994	1.517029
2.463327	1.571167
2.466660	1.689951
2.469994	1.551104
2.473327	1.460344
2.476660	1.634221
2.479994	1.527538
2.483327	1.362577
2.486660	1.313216
2.489994	1.516392
2.493327	1.692180
2.496660	1.614795
2.499994	1.537729
2.503327	1.634539
2.506660	1.608744
2.509994	1.546327
2.513327	1.608108
2.516660	1.674028
2.519994	1.617024
2.523327	1.582631
2.526660	1.638361
2.529994	1.672117
2.533327	1.559702
2.536660	1.599191
2.539994	1.685811
2.543327	1.603968
2.546660	1.393468
2.549994	1.645049
2.553327	1.680079
2.556660	1.528812
2.559994	1.573714
2.563327	1.423402
2.566660	1.671480
2.569994	1.533907
2.573327	1.455885
2.576660	1.468942
2.579994	1.626897
2.583327	1.621483
2.586660	1.424995
2.589994	1.569574
2.593327	1.626260
2.596660	1.441873
2.599994	1.569574
2.603327	1.496011
2.606660	1.679123
2.609993	1.628489
2.613327	1.532952
2.616660	1.477859
2.619993	1.683900
2.623327	1.640909
2.626660	1.480406
2.629993	1.611929
2.633327	1.555562
2.636660	1.481999
2.639993	1.364806
2.643327	1.549511
2.646660	1.522761
2.649993	1.456840
2.653327	1.646322
2.656660	1.597917
2.659993	1.498240
2.663327	1.565434
2.666660	1.446331
2.669993	1.566071
2.673327	1.555244
2.676660	1.495055
2.679993	1.532315
2.683327	1.689633
2.686660	1.532952
2.689993	1.422447
2.693327	1.641864
2.696660	1.734535
2.699993	1.687085
2.703327	1.467350
2.706660	1.438370
2.709993	1.583905
2.713327	1.588363
2.716660	1.426906
2.719993	1.438688
2.723327	1.659061
2.726660	1.665430
2.729993	1.539002
2.733326	1.587726
2.736660	1.591866
2.739993	1.684856
2.743326	1.572759
2.746660	1.555881
2.749993	1.636769
2.753326	1.652055
2.756660	1.535499
2.759993	1.664156
2.763326	1.537729
2.766660	1.520213
2.769993	1.563205
2.773326	1.603968
2.776660	1.472445
2.779993	1.477859
2.783326	1.550148
2.786660	1.603331
2.789993	1.635813
2.793326	1.586452
2.796660	1.548875
2.799993	1.601101
2.803326	1.558428
2.806660	1.516073
2.809993	1.646959
2.813326	1.528175
2.816660	1.385188
2.819993	1.516392
2.823326	1.626897
2.826660	1.463528
2.829993	1.646004
2.833326	1.648552
2.836660	1.498240
2.839993	1.255894
2.843326	1.667341
2.846660	1.502380
2.849993	1.675302
2.853326	1.619890
2.856660	1.626260
2.859993	1.579765
2.863326	1.572440
2.866659	1.612247
2.869993	1.632629
2.873326	1.562250
2.876659	1.517029
2.879993	1.506520
2.883326	1.521169
2.886659	1.523716
2.889993	1.569256
2.893326	1.558110
2.896659	1.602375
2.899993	1.576262
2.903326	1.417352
2.906659	1.419581
2.909993	1.587089
2.913326	1.639316
2.916659	1.569256
2.919993	1.370220
2.923326	1.582631
2.926659	1.503335
2.929993	1.590592
2.933326	1.558428
2.936659	1.559384
2.939993	1.596962
2.943326	1.487731
2.946659	1.628807
2.949993	1.561613
2.953326	1.607152
2.956659	1.611611
2.959993	1.647915
2.963326	1.562568
2.966659	1.633903
2.969993	1.528812
2.973326	1.664793
2.976659	1.653328
2.979993	1.664156
2.983326	1.438688
2.986659	1.528812
2.989993	1.563205
2.993326	1.460980
2.996659	1.477540
2.999992	1.436778
3.003326	1.537410
3.006659	1.328821
3.009992	1.581357
3.013326	1.638679
3.016659	1.562250
3.019992	1.626260
3.023326	1.539639
3.026659	1.524672
3.029992	1.518303
3.033326	1.633266
3.036659	1.621164
3.039992	1.394104
3.043326	1.454293
3.046659	1.645367
3.049992	1.503335
3.053326	1.496011
3.056659	1.599191
3.059992	1.603968
3.063326	1.584223
3.066659	1.566071
3.069992	1.621801
3.073326	1.324044
3.076659	1.517029
3.079992	1.636132
3.083326	1.615114
3.086659	1.635176
3.089992	1.436141
3.093326	1.579765
3.096659	1.672117
3.099992	1.652055
3.103326	1.589956
3.106659	1.542187
3.109992	1.660971
3.113326	1.477222
3.116659	1.524353
3.119992	1.285511
3.123326	1.548238
3.126659	1.618617
3.129992	1.393786
3.133325	1.339330
3.136659	1.576262
3.139992	1.568937
3.143325	1.601738
3.146659	1.585497
3.149992	1.425313
3.153325	1.657468
3.156659	1.697594
3.159992	1.694728
3.163325	1.621483
3.166659	1.719886
3.169992	1.590592
3.173325	1.610974
3.176659	1.511297
3.179992	1.572440
3.183325	1.435504
3.186659	1.619572
3.189992	1.711606
3.193325	1.537092
3.196659	1.561294
3.199992	1.466713
3.203325	1.591548
3.206659	1.587408
3.209992	1.603012
3.213325	1.563842
3.216659	1.587089
3.219992	1.485183
3.223325	1.324681
3.226659	1.611929
3.229992	1.632629
3.233325	1.533270
3.236659	1.625304
3.239992	1.483591
3.243325	1.708103
3.246659	1.687085
3.249992	1.589000
3.253325	1.477859
3.256659	1.670844
3.259992	1.510978
3.263325	1.472763
3.266658	1.588682
3.269992	1.642182
3.273325	1.662245
3.276658	1.552059
3.279992	1.502061
3.283325	1.654602
3.286658	1.680079
3.289992	1.547282
3.293325	1.491234
3.296658	1.460025
3.299992	1.631036
3.303325	1.508431
3.306658	1.544098
3.309992	1.708422
3.313325	1.696957
3.316658	1.547282
3.319992	1.634858
3.323325	1.694091
3.326658	1.683263
3.329992	1.476903
3.333325	1.486457
3.336658	1.560657
3.339992	1.661927
3.343325	1.660334
3.346658	1.653328
3.349992	1.396971
3.353325	1.536455
3.356658	1.442510
3.359992	1.468623
3.363325	1.438688
3.366658	1.565116
3.369992	1.653010
3.373325	1.455567
3.376658	1.569574
3.379992	1.683582
3.383325	1.610018
3.386658	1.523716
3.389992	1.666067
3.393325	1.648552
3.396658	1.616706
3.399991	1.579765
3.403325	1.501743
3.406658	1.537729
3.409991	1.492826
3.413325	1.622120
3.416658	1.704282
3.419991	1.524990
3.423325	1.591548
3.426658	1.661290
3.429991	1.624030
3.433325	1.498558
3.436658	1.313216
3.439991	1.625623
3.443325	1.708740
3.446658	1.559702
3.449991	1.613203
3.453325	1.589000
3.456658	1.655876
3.459991	1.677850
3.463325	1.671799
3.466658	1.641864
3.469991	1.660016
3.473325	1.670525
3.476658	1.741223
3.479991	1.662882
3.483325	1.667659
3.486658	1.528812
3.489991	1.606197
3.493325	1.663838
3.496658	1.578810
3.499991	1.333279
3.503325	1.469579
3.506658	1.696002
3.509991	1.584542
3.513325	1.410346
3.516658	1.629444
3.519991	1.573714
3.523325	1.465120
3.526658	1.529767
3.529991	1.491552
3.533324	1.633584
3.536658	1.445694
3.539991	1.503335
3.543324	1.544098
3.546658	1.488686
3.549991	1.530404
3.553324	1.535499
3.556658	1.716701
3.559991	1.575306
3.563324	1.561613
3.566658	1.524672
3.569991	1.598872
3.573324	1.605878
3.576658	1.589637
3.579991	1.585497
3.583324	1.349839
3.586658	1.539002
3.589991	1.534544
3.593324	1.533270
3.596658	1.565434
3.599991	1.621801
3.603324	1.627215
3.606658	1.448879
3.609991	1.443784
3.613324	1.497285
3.616658	1.584860
3.619991	1.504291
3.623324	1.520850
3.626658	1.563205
3.629991	1.548556
3.633324	1.387098
3.636658	1.503335
3.639991	1.535181
3.643324	1.619254
3.646658	1.646959
3.649991	1.597280
3.653324	1.568300
3.656658	1.583905
3.659991	1.569256
3.663324	1.671799
3.666657	1.579765
3.669991	1.553651
3.673324	1.578491
3.676657	1.572122
3.679991	1.571803
3.683324	1.637406
3.686657	1.638361
3.689991	1.583905
3.693324	1.598554
3.696657	1.527856
3.699991	1.647596
3.703324	1.449198
3.706657	1.591229
3.709991	1.550467
3.713324	1.600465
3.716657	1.604286
3.719991	1.623075
3.723324	1.518303
3.726657	1.599828
3.729991	1.534226
3.733324	1.705555
3.736657	1.671799
3.739991	1.684219
3.743324	1.637087
3.746657	1.494100
3.749991	1.618935
3.753324	1.626897
3.756657	1.546645
3.759991	1.440599
3.763324	1.603331
3.766657	1.655239
3.769991	1.701415
3.773324	1.589000
3.776657	1.631992
3.779991	1.562250
3.783324	1.638361
3.786657	1.530404
3.789991	1.494737
3.793324	1.559702
3.796657	1.603012
3.799990	1.580083
3.803324	1.518303
3.806657	1.616069
3.809990	1.489642
3.813324	1.456204
3.816657	1.631992
3.819990	1.504609
3.823324	1.666067
3.826657	1.583905
3.829990	1.632629
3.833324	1.574033
3.836657	1.637406
3.839990	1.584542
3.843324	1.654284
3.846657	1.572440
3.849990	1.389646
3.853324	1.499832
3.856657	1.614795
3.859990	1.354616
3.863324	1.447287
3.866657	1.665430
3.869990	1.548238
3.873324	1.474993
3.876657	1.628170
3.879990	1.449198
3.883324	1.363533
3.886657	1.467668
3.889990	1.539321
3.893324	1.520213
3.896657	1.607152
3.899990	1.588045
3.903324	1.383277
3.906657	1.599191
3.909990	1.540913
3.913324	1.537729
3.916657	1.553333
3.919990	1.656195
3.923324	1.561613
3.926657	1.450790
3.929990	1.553970
3.933323	1.587726
3.936657	1.699186
3.939990	1.591229
3.943323	1.481362
3.946657	1.526583
3.949990	1.652055
3.953323	1.558747
3.956657	1.634858
3.959990	1.493781
3.963323	1.590911
3.966657	1.599509
3.969990	1.543779
3.973323	1.548875
3.976657	1.293790
3.979990	1.618935
3.983323	1.673073
3.986657	1.667977
3.989990	1.701097
3.993323	1.560976
3.996657	1.655558
3.999990	1.548875
4.003323	1.575625
4.006657	1.658424
4.009990	1.675939
4.013323	1.684537
4.016657	1.563205
4.019990	1.611292
4.023323	1.658105
4.026657	1.541232
4.029990	1.500469
4.033323	1.606515
4.036657	1.538047
4.039990	1.550467
4.043323	1.556199
4.046657	1.688040
4.049990	1.593140
4.053323	1.603331
4.056657	1.550785
4.059990	1.544735
4.063323	1.665430
4.066656	1.681353
4.069990	1.631673
4.073323	1.523716
4.076656	1.537410
4.079990	1.652055
4.083323	1.581676
4.086656	1.566708
4.089990	1.497921
4.093323	1.443147
4.096656	1.662564
4.099990	1.584542
4.103323	1.693136
4.106656	1.628170
4.109990	1.495374
4.113323	1.543142
4.116656	1.588045
4.119990	1.583586
4.123323	1.571803
4.126656	1.610655
4.129990	1.659061
4.133323	1.567664
4.136656	1.469260
4.139990	1.572759
4.143323	1.591548
4.146656	1.577217
4.149990	1.686766
4.153323	1.619890
4.156656	1.556518
4.159990	1.511615
4.163323	1.438052
4.166656	1.604286
4.169990	1.555881
4.173323	1.372449
4.176656	1.566071
4.179990	1.497285
4.183323	1.639635
4.186656	1.594095
4.189990	1.611611
4.193323	1.597917
4.196656	1.669570
4.199990	1.663519
4.203323	1.593140
4.206656	1.578491
4.209989	1.534544
4.213323	1.456522
4.216656	1.570848
4.219989	1.687403
4.223323	1.695046
4.226656	1.677213
4.229989	1.485820
4.233323	1.610655
4.236656	1.602057
4.239989	1.594414
4.243323	1.577854
4.246656	1.474356
4.249989	1.624030
4.253323	1.597280
4.256656	1.417033
4.259989	1.603649
4.263323	1.669570
4.266656	1.612566
4.269989	1.433593
4.273323	1.403021
4.276656	1.604923
4.279989	1.656195
4.283323	1.679123
4.286656	1.594414
4.289989	1.690906
4.293323	1.527219
4.296656	1.367673
4.299989	1.505564
4.303323	1.626578
4.306656	1.340922
4.309989	1.561294
4.313323	1.611929
4.316656	1.532633
4.319989	1.630400
4.323323	1.671162
4.326656	1.655876
4.329989	1.493145
4.333322	1.279141
4.336656	1.534226
4.339989	1.572440
4.343322	1.515118
4.346656	1.573714
4.349989	1.635495
4.353322	1.618617
4.356656	1.590592
4.359989	1.581676
4.363322	1.678168
4.366656	1.603968
4.369989	1.502380
4.373322	1.572122
4.376656	1.612566
4.379989	1.661608
4.383322	1.633266
4.386656	1.679123
4.389989	1.601420
4.393322	1.655239
4.396656	1.641227
4.399989	1.546008
4.403322	1.539639
4.406656	1.577536
4.409989	1.597598
4.413322	1.623393
4.416656	1.551422
4.419989	1.637087
4.423322	1.667659
4.426656	1.617980
4.429989	1.597598
4.433322	1.671799
4.436656	1.565116
4.439989	1.532633
4.443322	1.554607
4.446656	1.647278
4.449989	1.526264
4.453322	1.510978
4.456656	1.597598
4.459989	1.563842
4.463322	1.591548
4.466655	1.560657
4.469989	1.565116
4.473322	1.598872
4.476655	1.490915
4.479989	1.594414
4.483322	1.611929
4.486655	1.638043
4.489989	1.590911
4.493322	1.612566
4.496655	1.503335
4.499989	1.397289
4.503322	1.547282
4.506655	1.432001
4.509989	1.539958
4.513322	1.665748
4.516655	1.553651
4.519989	1.548556
4.523322	1.678487
4.526655	1.520532
4.529989	1.569893
4.533322	1.611929
4.536655	1.564479
4.539989	1.601101
4.543322	1.574351
4.546655	1.620846
4.549989	1.634221
4.553322	1.552378
4.556655	1.660334
4.559989	1.638043
4.563322	1.744089
4.566655	1.674347
4.569989	1.552696
4.573322	1.675939
4.576655	1.622120
4.579989	1.562250
4.583322	1.635176
4.586655	1.566390
4.589989	1.480725
4.593322	1.501424
4.596655	1.655239
4.599988	1.578810
4.603322	1.408117
4.606655	1.652373
4.609988	1.540595
4.613322	1.609700
4.616655	1.578810
4.619988	1.526583
4.623322	1.660334
4.626655	1.657150
4.629988	1.470216
4.633322	1.517347
4.636655	1.580720
4.639988	1.687085
4.643322	1.619890
4.646655	1.426269
4.649988	1.415123
4.653322	1.427861
4.656655	1.568937
4.659988	1.566071
4.663322	1.467350
4.666655	1.586452
4.669988	1.446331
4.673322	1.516073
4.676655	1.550785
4.679988	1.529130
4.683322	1.422766
4.686655	1.452064
4.689988	1.604286
4.693322	1.631036
4.696655	1.481362
4.699988	1.507794
4.703322	1.578491
4.706655	1.652692
4.709988	1.628489
4.713322	1.603331
4.716655	1.648870
4.719988	1.691862
4.723322	1.517666
4.726655	1.658742
4.729988	1.565753
4.733321	1.596643
4.736655	1.453974
4.739988	1.680397
4.743321	1.568619
4.746655	1.275638
4.749988	1.469579
4.753321	1.707785
4.756655	1.589956
4.759988	1.676894
4.763321	1.661927
4.766655	1.540595
4.769988	1.596325
4.773321	1.481043
4.776655	1.652055
4.779988	1.600146
4.783321	1.535499
4.786655	1.312261
4.789988	1.560976
4.793321	1.706192
4.796655	1.507475
4.799988	1.572440
4.803321	1.543461
4.806655	1.508749
4.809988	1.437733
4.813321	1.677213
4.816655	1.590911
4.819988	1.546008
4.823321	1.611929
4.826655	1.528175
4.829988	1.403340
4.833321	1.587408
4.836655	1.595688
4.839988	1.612884
4.843321	1.689314
4.846655	1.590911
4.849988	1.541550
4.853321	1.545053
4.856655	1.591866
4.859988	1.649825
4.863321	1.776890
4.866655	1.632947
4.869988	1.383277
4.873321	1.536136
4.876654	1.687403
4.879988	1.562887
4.883321	1.617980
4.886654	1.655558
4.889988	1.620846
4.893321	1.526264
4.896654	1.679442
4.899988	1.605241
4.903321	1.635176
4.906654	1.430409
4.909988	1.602694
4.913321	1.635495
4.916654	1.645367
4.919988	1.473400
4.923321	1.548875
4.926654	1.558747
4.929988	1.501424
4.933321	1.384232
4.936654	1.614795
4.939988	1.685174
4.943321	1.479769
4.946654	1.394423
4.949988	1.490278
4.953321	1.681353
4.956654	1.489960
4.959988	1.466713
4.963321	1.619572
4.966654	1.633903
4.969988	1.566071
4.973321	1.379774
4.976654	1.597280
4.979988	1.530404
4.983321	1.586134
4.986654	1.503972
4.989988	1.585179
4.993321	1.654921
4.996654	1.616387

