LabVIEW Measurement	
Writer_Version	2
Reader_Version	2
Separator	Tab
Decimal_Separator	.
Multi_Headings	Yes
X_Columns	One
Time_Pref	Absolute
Operator	labuser
Date	2019/05/16
Time	10:53:58.158709024999919809
***End_of_Header***	
	
Channels	1	
Samples	1500	
Date	2019/05/16	
Time	11:07:54.8283676249995730637	
Y_Unit_Label	Volts	
X_Dimension	Time	
X0	0.0000000000000000E+0	
Delta_X	0.003333	
***End_of_Header***		
X_Value	Voltage	Comment
0.000000	1.525309
0.003333	1.536773
0.006667	1.438370
0.010000	1.574033
0.013333	1.515437
0.016667	1.645049
0.020000	1.467986
0.023333	1.453337
0.026667	1.622757
0.030000	1.448561
0.033333	1.398563
0.036667	1.444102
0.040000	1.662564
0.043333	1.596962
0.046667	1.553651
0.050000	1.401747
0.053333	1.625623
0.056667	1.441236
0.060000	1.584860
0.063333	1.416396
0.066666	1.663201
0.070000	1.530086
0.073333	1.583586
0.076666	1.353660
0.080000	1.506838
0.083333	1.574988
0.086666	1.571485
0.090000	1.450153
0.093333	1.673391
0.096666	1.403021
0.100000	1.537410
0.103333	1.565434
0.106666	1.574670
0.110000	1.580720
0.113333	1.444421
0.116666	1.374360
0.120000	1.453656
0.123333	1.358756
0.126666	1.441236
0.130000	1.480088
0.133333	1.409709
0.136666	1.430090
0.140000	1.646004
0.143333	1.286784
0.146666	1.571167
0.150000	1.392194
0.153333	1.489642
0.156666	1.607789
0.160000	1.600465
0.163333	1.483272
0.166666	1.486457
0.170000	1.598872
0.173333	1.542505
0.176666	1.661290
0.180000	1.347291
0.183333	1.397926
0.186666	1.460344
0.190000	1.457796
0.193333	1.440599
0.196666	1.355253
0.199999	1.422766
0.203333	1.651736
0.206666	1.363851
0.209999	1.670844
0.213333	1.367991
0.216666	1.384551
0.219999	1.335827
0.223333	1.568937
0.226666	1.417033
0.229999	1.418944
0.233333	1.536773
0.236666	1.492508
0.239999	1.574033
0.243333	1.528493
0.246666	1.614158
0.249999	1.395060
0.253333	1.617980
0.256666	1.629444
0.259999	1.391557
0.263333	1.596325
0.266666	1.380411
0.269999	1.536136
0.273333	1.491234
0.276666	1.483272
0.279999	1.450153
0.283333	1.458433
0.286666	1.479769
0.289999	1.463847
0.293333	1.515755
0.296666	1.545690
0.299999	1.378819
0.303333	1.495692
0.306666	1.489642
0.309999	1.534226
0.313333	1.533907
0.316666	1.449198
0.319999	1.496011
0.323333	1.387735
0.326666	1.482317
0.329999	1.441555
0.333332	1.479451
0.336666	1.495692
0.339999	1.351113
0.343332	1.512889
0.346666	1.528175
0.349999	1.516073
0.353332	1.441236
0.356666	1.640272
0.359999	1.516073
0.363332	1.645367
0.366666	1.383595
0.369999	1.600146
0.373332	1.316401
0.376666	1.608426
0.379999	1.473400
0.383332	1.631036
0.386666	1.555881
0.389999	1.533270
0.393332	1.433275
0.396666	1.396652
0.399999	1.498240
0.403332	1.427542
0.406666	1.673073
0.409999	1.260034
0.413332	1.600146
0.416666	1.585816
0.419999	1.566708
0.423332	1.441555
0.426666	1.530722
0.429999	1.575306
0.433332	1.273728
0.436666	1.424039
0.439999	1.410027
0.443332	1.504291
0.446666	1.580083
0.449999	1.540276
0.453332	1.453337
0.456666	1.414804
0.459999	1.545372
0.463332	1.407798
0.466665	1.546008
0.469999	1.595051
0.473332	1.636450
0.476665	1.331368
0.479999	1.467986
0.483332	1.452701
0.486665	1.504927
0.489999	1.524672
0.493332	1.471808
0.496665	1.532633
0.499999	1.407798
0.503332	1.568937
0.506665	1.471808
0.509999	1.554288
0.513332	1.626897
0.516665	1.389965
0.519999	1.515437
0.523332	1.592822
0.526665	1.661927
0.529999	1.492189
0.533332	1.604286
0.536665	1.577536
0.539999	1.331687
0.543332	1.539639
0.546665	1.452064
0.549999	1.645049
0.553332	1.508431
0.556665	1.672754
0.559999	1.289332
0.563332	1.625623
0.566665	1.667022
0.569999	1.343151
0.573332	1.396015
0.576665	1.440918
0.579999	1.432319
0.583332	1.640272
0.586665	1.296975
0.589999	1.549511
0.593332	1.389646
0.596665	1.392194
0.599998	1.344425
0.603332	1.621483
0.606665	1.585816
0.609998	1.491552
0.613332	1.429772
0.616665	1.343151
0.619998	1.392194
0.623332	1.585497
0.626665	1.456204
0.629998	1.573714
0.633332	1.391238
0.636665	1.408753
0.639998	1.544098
0.643332	1.530404
0.646665	1.326592
0.649998	1.421173
0.653332	1.442510
0.656665	1.554288
0.659998	1.566708
0.663332	1.536773
0.666665	1.548556
0.669998	1.356208
0.673332	1.528493
0.676665	1.387417
0.679998	1.597917
0.683332	1.385506
0.686665	1.631036
0.689998	1.490915
0.693332	1.504927
0.696665	1.363214
0.699998	1.452064
0.703332	1.478814
0.706665	1.474993
0.709998	1.508431
0.713332	1.438052
0.716665	1.329776
0.719998	1.358437
0.723332	1.581357
0.726665	1.500151
0.729998	1.407798
0.733331	1.546645
0.736665	1.646322
0.739998	1.444102
0.743331	1.489642
0.746665	1.586134
0.749998	1.469579
0.753331	1.436141
0.756665	1.384869
0.759998	1.378500
0.763331	1.480725
0.766665	1.317675
0.769998	1.439007
0.773331	1.415760
0.776665	1.421173
0.779998	1.499514
0.783331	1.645367
0.786665	1.589956
0.789998	1.591548
0.793331	1.567027
0.796665	1.534544
0.799998	1.452064
0.803331	1.328502
0.806665	1.487412
0.809998	1.468942
0.813331	1.429453
0.816665	1.589956
0.819998	1.476903
0.823331	1.525627
0.826665	1.560021
0.829998	1.508431
0.833331	1.605878
0.836665	1.425950
0.839998	1.415760
0.843331	1.410346
0.846665	1.524672
0.849998	1.487731
0.853331	1.521169
0.856665	1.431364
0.859998	1.492826
0.863331	1.567982
0.866664	1.626578
0.869998	1.494100
0.873331	1.473400
0.876664	1.418626
0.879998	1.543142
0.883331	1.453019
0.886664	1.450153
0.889998	1.532315
0.893331	1.408117
0.896664	1.547601
0.899998	1.437733
0.903331	1.466394
0.906664	1.508749
0.909998	1.447605
0.913331	1.479451
0.916664	1.534862
0.919998	1.457477
0.923331	1.355890
0.926664	1.529449
0.929998	1.555562
0.933331	1.573714
0.936664	1.552696
0.939998	1.608426
0.943331	1.648233
0.946664	1.524353
0.949998	1.434548
0.953331	1.500151
0.956664	1.632310
0.959998	1.499195
0.963331	1.516073
0.966664	1.633266
0.969998	1.560976
0.973331	1.579765
0.976664	1.446968
0.979998	1.333598
0.983331	1.477222
0.986664	1.363533
0.989998	1.513844
0.993331	1.535818
0.996664	1.288695
0.999997	1.466076
1.003331	1.455248
1.006664	1.540913
1.009997	1.496011
1.013331	1.567345
1.016664	1.382322
1.019997	1.454930
1.023331	1.525309
1.026664	1.560657
1.029997	1.447924
1.033331	1.420218
1.036664	1.400155
1.039997	1.377863
1.043331	1.665430
1.046664	1.459388
1.049997	1.373723
1.053331	1.550785
1.056664	1.448879
1.059997	1.461299
1.063331	1.480406
1.066664	1.523398
1.069997	1.376908
1.073331	1.314490
1.076664	1.503654
1.079997	1.461299
1.083331	1.503335
1.086664	1.554925
1.089997	1.553651
1.093331	1.408435
1.096664	1.372768
1.099997	1.478177
1.103331	1.513207
1.106664	1.406524
1.109997	1.360348
1.113331	1.376908
1.116664	1.415760
1.119997	1.423084
1.123331	1.584860
1.126664	1.360030
1.129997	1.346654
1.133331	1.311943
1.136664	1.486139
1.139997	1.551104
1.143330	1.520213
1.146664	1.385506
1.149997	1.328502
1.153330	1.479132
1.156664	1.376271
1.159997	1.601101
1.163330	1.308121
1.166664	1.523716
1.169997	1.345699
1.173330	1.508431
1.176664	1.543142
1.179997	1.484228
1.183330	1.599509
1.186664	1.380411
1.189997	1.581039
1.193330	1.503972
1.196664	1.431045
1.199997	1.317038
1.203330	1.440599
1.206664	1.633584
1.209997	1.524035
1.213330	1.540276
1.216664	1.562250
1.219997	1.654921
1.223330	1.489642
1.226664	1.411938
1.229997	1.466076
1.233330	1.344425
1.236664	1.417033
1.239997	1.329776
1.243330	1.481680
1.246664	1.599509
1.249997	1.548238
1.253330	1.537729
1.256664	1.336145
1.259997	1.595688
1.263330	1.402703
1.266663	1.549193
1.269997	1.312579
1.273330	1.380092
1.276663	1.374679
1.279997	1.448879
1.283330	1.460025
1.286663	1.516710
1.289997	1.276275
1.293330	1.477222
1.296663	1.515118
1.299997	1.585179
1.303330	1.597598
1.306663	1.361622
1.309997	1.427861
1.313330	1.274046
1.316663	1.401747
1.319997	1.553651
1.323330	1.524035
1.326663	1.458114
1.329997	1.604286
1.333330	1.546327
1.336663	1.367673
1.339997	1.535181
1.343330	1.485183
1.346663	1.410983
1.349997	1.517347
1.353330	1.319586
1.356663	1.605560
1.359997	1.618617
1.363330	1.480088
1.366663	1.581676
1.369997	1.621801
1.373330	1.403977
1.376663	1.445376
1.379997	1.606834
1.383330	1.357800
1.386663	1.271817
1.389997	1.501743
1.393330	1.490278
1.396663	1.437415
1.399996	1.330413
1.403330	1.580083
1.406663	1.390920
1.409996	1.548238
1.413330	1.427861
1.416663	1.445694
1.419996	1.495055
1.423330	1.599509
1.426663	1.498240
1.429996	1.513844
1.433330	1.537410
1.436663	1.512570
1.439996	1.496648
1.443330	1.383277
1.446663	1.436778
1.449996	1.386143
1.453330	1.576580
1.456663	1.635495
1.459996	1.606834
1.463330	1.601738
1.466663	1.460662
1.469996	1.428816
1.473330	1.383277
1.476663	1.468942
1.479996	1.489005
1.483330	1.480406
1.486663	1.556836
1.489996	1.437733
1.493330	1.541550
1.496663	1.636132
1.499996	1.385506
1.503330	1.490278
1.506663	1.518940
1.509996	1.550467
1.513330	1.580720
1.516663	1.458114
1.519996	1.603012
1.523330	1.362259
1.526663	1.556518
1.529996	1.365125
1.533330	1.494737
1.536663	1.502061
1.539996	1.543142
1.543329	1.567027
1.546663	1.625941
1.549996	1.354616
1.553329	1.460980
1.556663	1.619890
1.559996	1.429772
1.563329	1.617024
1.566663	1.377226
1.569996	1.396652
1.573329	1.534226
1.576663	1.392831
1.579996	1.381048
1.583329	1.540276
1.586663	1.593777
1.589996	1.500469
1.593329	1.524353
1.596663	1.548875
1.599996	1.535818
1.603329	1.479451
1.606663	1.306529
1.609996	1.627215
1.613329	1.589319
1.616663	1.366080
1.619996	1.532952
1.623329	1.400474
1.626663	1.584542
1.629996	1.424039
1.633329	1.643138
1.636663	1.456840
1.639996	1.545053
1.643329	1.640272
1.646663	1.436141
1.649996	1.550148
1.653329	1.459388
1.656663	1.617661
1.659996	1.564160
1.663329	1.559384
1.666662	1.487731
1.669996	1.587408
1.673329	1.360666
1.676662	1.589000
1.679996	1.465120
1.683329	1.574033
1.686662	1.650144
1.689996	1.613203
1.693329	1.513207
1.696662	1.384869
1.699996	1.616069
1.703329	1.314809
1.706662	1.513207
1.709996	1.509386
1.713329	1.660653
1.716662	1.605878
1.719996	1.409390
1.723329	1.533589
1.726662	1.526901
1.729996	1.519577
1.733329	1.453974
1.736662	1.448242
1.739996	1.476585
1.743329	1.639953
1.746662	1.503017
1.749996	1.614158
1.753329	1.503654
1.756662	1.612247
1.759996	1.432638
1.763329	1.603968
1.766662	1.377863
1.769996	1.412575
1.773329	1.365125
1.776662	1.513526
1.779996	1.481999
1.783329	1.597280
1.786662	1.466076
1.789996	1.430090
1.793329	1.549830
1.796662	1.624349
1.799995	1.470216
1.803329	1.606834
1.806662	1.438052
1.809995	1.629444
1.813329	1.369265
1.816662	1.407798
1.819995	1.343151
1.823329	1.403977
1.826662	1.345062
1.829995	1.424995
1.833329	1.469579
1.836662	1.455885
1.839995	1.498877
1.843329	1.596643
1.846662	1.476266
1.849995	1.509704
1.853329	1.430090
1.856662	1.489005
1.859995	1.582949
1.863329	1.389328
1.866662	1.343788
1.869995	1.671799
1.873329	1.591548
1.876662	1.572440
1.879995	1.451427
1.883329	1.279778
1.886662	1.395378
1.889995	1.541232
1.893329	1.373723
1.896662	1.523080
1.899995	1.446650
1.903329	1.410346
1.906662	1.506838
1.909995	1.603968
1.913329	1.451108
1.916662	1.555881
1.919995	1.566071
1.923329	1.338374
1.926662	1.640909
1.929995	1.304936
1.933329	1.575943
1.936662	1.415123
1.939995	1.503972
1.943328	1.358437
1.946662	1.514481
1.949995	1.439962
1.953328	1.520532
1.956662	1.495692
1.959995	1.493463
1.963328	1.286148
1.966662	1.388691
1.969995	1.520850
1.973328	1.367036
1.976662	1.354297
1.979995	1.661290
1.983328	1.545690
1.986662	1.517666
1.989995	1.374360
1.993328	1.435504
1.996662	1.575625
1.999995	1.508112
2.003328	1.670207
2.006662	1.660016
2.009995	1.358119
2.013328	1.595688
2.016662	1.496966
2.019995	1.527219
2.023328	1.560657
2.026662	1.575943
2.029995	1.522761
2.033328	1.419581
2.036662	1.435504
2.039995	1.528175
2.043328	1.467668
2.046662	1.462254
2.049995	1.451427
2.053328	1.504609
2.056662	1.557473
2.059995	1.363214
2.063328	1.507157
2.066661	1.566390
2.069995	1.435185
2.073328	1.552696
2.076661	1.625623
2.079995	1.424676
2.083328	1.532952
2.086661	1.274365
2.089995	1.364488
2.093328	1.491552
2.096661	1.394741
2.099995	1.450790
2.103328	1.368628
2.106661	1.519258
2.109995	1.373086
2.113328	1.583268
2.116661	1.510023
2.119995	1.319904
2.123328	1.404295
2.126661	1.396971
2.129995	1.426906
2.133328	1.453974
2.136661	1.351750
2.139995	1.437415
2.143328	1.477222
2.146661	1.478814
2.149995	1.269269
2.153328	1.411938
2.156661	1.285192
2.159995	1.401429
2.163328	1.526583
2.166661	1.394741
2.169995	1.419581
2.173328	1.317675
2.176661	1.433912
2.179995	1.509067
2.183328	1.555562
2.186661	1.532315
2.189995	1.484865
2.193328	1.595369
2.196661	1.489960
2.199994	1.437096
2.203328	1.357163
2.206661	1.485820
2.209994	1.424676
2.213328	1.346017
2.216661	1.405250
2.219994	1.458114
2.223328	1.468623
2.226661	1.524035
2.229994	1.391557
2.233328	1.329776
2.236661	1.590911
2.239994	1.473400
2.243328	1.569574
2.246661	1.354297
2.249994	1.374679
2.253328	1.584223
2.256661	1.571485
2.259994	1.563842
2.263328	1.562887
2.266661	1.287103
2.269994	1.575943
2.273328	1.479769
2.276661	1.596643
2.279994	1.486775
2.283328	1.500151
2.286661	1.475948
2.289994	1.415760
2.293328	1.437096
2.296661	1.390601
2.299994	1.578810
2.303328	1.486457
2.306661	1.436459
2.309994	1.444102
2.313328	1.456204
2.316661	1.530404
2.319994	1.384869
2.323328	1.489323
2.326661	1.530086
2.329994	1.499514
2.333327	1.553014
2.336661	1.432638
2.339994	1.465439
2.343327	1.442510
2.346661	1.397926
2.349994	1.540276
2.353327	1.592822
2.356661	1.616387
2.359994	1.576262
2.363327	1.597917
2.366661	1.548556
2.369994	1.581676
2.373327	1.520213
2.376661	1.637724
2.379994	1.381048
2.383327	1.590274
2.386661	1.499832
2.389994	1.644730
2.393327	1.417033
2.396661	1.417989
2.399994	1.501743
2.403327	1.581994
2.406661	1.430409
2.409994	1.439325
2.413327	1.431682
2.416661	1.415760
2.419994	1.540276
2.423327	1.543142
2.426661	1.499195
2.429994	1.556836
2.433327	1.376271
2.436661	1.603968
2.439994	1.526583
2.443327	1.641864
2.446661	1.441873
2.449994	1.581676
2.453327	1.461617
2.456661	1.447924
2.459994	1.500788
2.463327	1.502698
2.466660	1.366717
2.469994	1.640590
2.473327	1.588682
2.476660	1.544416
2.479994	1.397926
2.483327	1.383595
2.486660	1.496011
2.489994	1.513207
2.493327	1.417033
2.496660	1.408117
2.499994	1.386780
2.503327	1.419263
2.506660	1.437096
2.509994	1.607152
2.513327	1.494100
2.516660	1.358437
2.519994	1.447287
2.523327	1.500151
2.526660	1.534544
2.529994	1.476266
2.533327	1.387417
2.536660	1.497285
2.539994	1.485502
2.543327	1.531678
2.546660	1.483272
2.549994	1.381685
2.553327	1.415123
2.556660	1.343151
2.559994	1.389009
2.563327	1.317675
2.566660	1.388054
2.569994	1.485820
2.573327	1.457159
2.576660	1.567664
2.579994	1.436778
2.583327	1.530722
2.586660	1.592503
2.589994	1.389646
2.593327	1.452064
2.596660	1.331368
2.599994	1.382640
2.603327	1.480725
2.606660	1.444421
2.609993	1.571803
2.613327	1.561931
2.616660	1.489323
2.619993	1.381366
2.623327	1.561613
2.626660	1.457159
2.629993	1.548238
2.633327	1.503654
2.636660	1.350794
2.639993	1.524990
2.643327	1.410983
2.646660	1.507157
2.649993	1.608426
2.653327	1.519258
2.656660	1.590592
2.659993	1.632629
2.663327	1.384551
2.666660	1.729121
2.669993	1.624349
2.673327	1.587408
2.676660	1.601738
2.679993	1.324044
2.683327	1.615114
2.686660	1.668933
2.689993	1.554607
2.693327	1.387417
2.696660	1.579128
2.699993	1.575943
2.703327	1.495374
2.706660	1.536773
2.709993	1.499832
2.713327	1.340285
2.716660	1.526264
2.719993	1.442828
2.723327	1.487412
2.726660	1.397289
2.729993	1.530722
2.733326	1.571167
2.736660	1.533270
2.739993	1.386780
2.743326	1.590274
2.746660	1.458114
2.749993	1.398244
2.753326	1.355253
2.756660	1.609381
2.759993	1.480725
2.763326	1.399518
2.766660	1.460025
2.769993	1.545690
2.773326	1.624667
2.776660	1.419899
2.779993	1.483272
2.783326	1.480725
2.786660	1.497603
2.789993	1.524035
2.793326	1.575625
2.796660	1.471171
2.799993	1.481362
2.803326	1.409072
2.806660	1.506201
2.809993	1.551741
2.813326	1.408117
2.816660	1.516392
2.819993	1.448242
2.823326	1.362259
2.826660	1.395060
2.829993	1.516392
2.833326	1.510660
2.836660	1.450153
2.839993	1.498558
2.843326	1.591229
2.846660	1.544735
2.849993	1.521806
2.853326	1.538047
2.856660	1.334553
2.859993	1.571167
2.863326	1.385188
2.866659	1.494100
2.869993	1.316082
2.873326	1.512570
2.876659	1.439644
2.879993	1.543779
2.883326	1.552059
2.886659	1.417989
2.889993	1.431045
2.893326	1.480088
2.896659	1.580720
2.899993	1.482635
2.903326	1.399837
2.906659	1.484865
2.909993	1.566708
2.913326	1.617343
2.916659	1.442191
2.919993	1.562568
2.923326	1.560976
2.926659	1.647596
2.929993	1.534862
2.933326	1.472445
2.936659	1.553014
2.939993	1.424995
2.943326	1.459388
2.946659	1.605241
2.949993	1.491234
2.953326	1.430727
2.956659	1.551104
2.959993	1.323407
2.963326	1.542187
2.966659	1.388691
2.969993	1.450153
2.973326	1.671480
2.976659	1.626897
2.979993	1.472126
2.983326	1.339967
2.986659	1.399200
2.989993	1.634221
2.993326	1.534226
2.996659	1.517666
2.999992	1.502061
3.003326	1.617343
3.006659	1.446331
3.009992	1.523080
3.013326	1.519577
3.016659	1.516710
3.019992	1.467350
3.023326	1.520850
3.026659	1.590274
3.029992	1.335508
3.033326	1.396971
3.036659	1.472126
3.039992	1.358437
3.043326	1.349839
3.046659	1.578810
3.049992	1.546327
3.053326	1.567664
3.056659	1.518303
3.059992	1.568937
3.063326	1.490597
3.066659	1.443147
3.069992	1.486775
3.073326	1.348565
3.076659	1.432956
3.079992	1.445694
3.083326	1.444102
3.086659	1.539639
3.089992	1.579765
3.093326	1.646959
3.096659	1.535499
3.099992	1.473719
3.103326	1.528812
3.106659	1.539002
3.109992	1.658424
3.113326	1.409390
3.116659	1.489960
3.119992	1.421173
3.123326	1.467668
3.126659	1.426269
3.129992	1.483909
3.133325	1.322770
3.136659	1.509067
3.139992	1.599828
3.143325	1.517984
3.146659	1.511297
3.149992	1.489642
3.153325	1.453656
3.156659	1.645685
3.159992	1.455885
3.163325	1.486139
3.166659	1.524035
3.169992	1.398881
3.173325	1.511934
3.176659	1.597917
3.179992	1.362577
3.183325	1.361940
3.186659	1.596643
3.189992	1.624349
3.193325	1.388691
3.196659	1.428816
3.199992	1.552059
3.203325	1.619890
3.206659	1.363214
3.209992	1.411620
3.213325	1.539321
3.216659	1.504291
3.219992	1.324999
3.223325	1.499195
3.226659	1.389965
3.229992	1.513207
3.233325	1.441555
3.236659	1.413212
3.239992	1.453656
3.243325	1.511297
3.246659	1.481999
3.249992	1.346336
3.253325	1.446968
3.256659	1.354297
3.259992	1.447287
3.263325	1.480088
3.266658	1.462573
3.269992	1.466076
3.273325	1.463210
3.276658	1.526264
3.279992	1.538365
3.283325	1.520850
3.286658	1.581994
3.289992	1.387417
3.293325	1.412575
3.296658	1.358437
3.299992	1.436778
3.303325	1.505564
3.306658	1.482317
3.309992	1.567027
3.313325	1.341559
3.316658	1.462891
3.319992	1.499832
3.323325	1.445376
3.326658	1.509386
3.329992	1.355890
3.333325	1.453337
3.336658	1.360030
3.339992	1.367354
3.343325	1.336782
3.346658	1.484865
3.349992	1.524672
3.353325	1.571167
3.356658	1.449516
3.359992	1.317038
3.363325	1.432319
3.366658	1.404295
3.369992	1.460025
3.373325	1.395378
3.376658	1.479132
3.379992	1.513844
3.383325	1.578173
3.386658	1.687722
3.389992	1.489323
3.393325	1.428498
3.396658	1.635176
3.399991	1.562250
3.403325	1.509067
3.406658	1.428816
3.409991	1.452064
3.413325	1.318312
3.416658	1.597917
3.419991	1.372768
3.423325	1.465120
3.426658	1.701097
3.429991	1.514163
3.433325	1.466076
3.436658	1.537410
3.439991	1.481999
3.443325	1.597598
3.446658	1.553970
3.449991	1.395378
3.453325	1.553970
3.456658	1.533270
3.459991	1.568619
3.463325	1.455248
3.466658	1.603649
3.469991	1.480725
3.473325	1.589956
3.476658	1.410664
3.479991	1.453974
3.483325	1.651418
3.486658	1.630400
3.489991	1.446968
3.493325	1.542824
3.496658	1.568619
3.499991	1.450153
3.503325	1.472445
3.506658	1.536455
3.509991	1.505564
3.513325	1.539321
3.516658	1.567345
3.519991	1.426906
3.523325	1.305573
3.526658	1.367036
3.529991	1.485502
3.533324	1.432956
3.536658	1.353342
3.539991	1.471489
3.543324	1.361940
3.546658	1.484865
3.549991	1.267359
3.553324	1.579128
3.556658	1.435185
3.559991	1.490278
3.563324	1.499195
3.566658	1.403340
3.569991	1.569893
3.573324	1.631992
3.576658	1.364169
3.579991	1.471808
3.583324	1.385506
3.586658	1.456522
3.589991	1.572440
3.593324	1.464165
3.596658	1.580402
3.599991	1.481362
3.603324	1.520532
3.606658	1.651418
3.609991	1.521169
3.613324	1.420536
3.616658	1.424039
3.619991	1.445058
3.623324	1.541868
3.626658	1.530722
3.629991	1.358437
3.633324	1.471171
3.636658	1.484228
3.639991	1.634858
3.643324	1.420536
3.646658	1.543461
3.649991	1.474356
3.653324	1.486775
3.656658	1.485183
3.659991	1.574033
3.663324	1.497603
3.666657	1.552696
3.669991	1.395378
3.673324	1.611929
3.676657	1.315764
3.679991	1.369265
3.683324	1.525946
3.686657	1.567982
3.689991	1.410027
3.693324	1.451108
3.696657	1.346336
3.699991	1.534226
3.703324	1.588045
3.706657	1.332005
3.709991	1.516392
3.713324	1.642182
3.716657	1.437096
3.719991	1.434867
3.723324	1.507475
3.726657	1.401111
3.729991	1.327228
3.733324	1.319904
3.736657	1.448561
3.739991	1.417670
3.743324	1.570848
3.746657	1.460025
3.749991	1.528812
3.753324	1.464483
3.756657	1.521806
3.759991	1.447287
3.763324	1.408117
3.766657	1.445058
3.769991	1.451427
3.773324	1.500151
3.776657	1.499514
3.779991	1.463847
3.783324	1.478496
3.786657	1.422129
3.789991	1.325318
3.793324	1.337738
3.796657	1.534226
3.799990	1.324681
3.803324	1.368946
3.806657	1.337101
3.809990	1.613521
3.813324	1.680397
3.816657	1.444102
3.819990	1.509386
3.823324	1.437096
3.826657	1.558747
3.829990	1.372131
3.833324	1.573077
3.836657	1.543779
3.839990	1.530404
3.843324	1.440281
3.846657	1.529449
3.849990	1.424995
3.853324	1.473082
3.856657	1.459707
3.859990	1.520532
3.863324	1.455567
3.866657	1.635813
3.869990	1.305892
3.873324	1.479132
3.876657	1.517666
3.879990	1.460344
3.883324	1.566071
3.886657	1.397289
3.889990	1.585179
3.893324	1.463210
3.896657	1.637406
3.899990	1.386780
3.903324	1.515437
3.906657	1.533907
3.909990	1.431045
3.913324	1.491234
3.916657	1.573396
3.919990	1.630081
3.923324	1.508112
3.926657	1.538684
3.929990	1.520532
3.933323	1.627852
3.936657	1.431682
3.939990	1.447287
3.943323	1.508112
3.946657	1.713198
3.949990	1.545690
3.953323	1.464165
3.956657	1.446013
3.959990	1.658105
3.963323	1.471808
3.966657	1.429453
3.969990	1.700142
3.973323	1.413530
3.976657	1.528812
3.979990	1.488049
3.983323	1.611611
3.986657	1.363533
3.989990	1.525627
3.993323	1.430727
3.996657	1.391875
3.999990	1.422447
4.003323	1.354934
4.006657	1.584860
4.009990	1.446650
4.013323	1.462573
4.016657	1.432956
4.019990	1.377545
4.023323	1.516392
4.026657	1.311624
4.029990	1.460025
4.033323	1.348247
4.036657	1.594732
4.039990	1.350476
4.043323	1.551741
4.046657	1.437415
4.049990	1.475948
4.053323	1.510660
4.056657	1.523716
4.059990	1.492508
4.063323	1.508112
4.066656	1.575625
4.069990	1.337738
4.073323	1.384232
4.076656	1.439962
4.079990	1.518621
4.083323	1.606834
4.086656	1.501424
4.089990	1.510660
4.093323	1.530722
4.096656	1.667341
4.099990	1.437733
4.103323	1.518940
4.106656	1.485183
4.109990	1.398244
4.113323	1.328184
4.116656	1.640909
4.119990	1.616706
4.123323	1.478177
4.126656	1.395378
4.129990	1.471808
4.133323	1.733898
4.136656	1.532952
4.139990	1.581039
4.143323	1.624986
4.146656	1.592185
4.149990	1.567982
4.153323	1.455885
4.156656	1.451108
4.159990	1.407161
4.163323	1.473719
4.166656	1.503654
4.169990	1.516710
4.173323	1.623393
4.176656	1.533589
4.179990	1.646322
4.183323	1.520213
4.186656	1.440918
4.189990	1.456840
4.193323	1.423402
4.196656	1.560976
4.199990	1.458114
4.203323	1.626260
4.206656	1.296020
4.209989	1.662245
4.213323	1.334235
4.216656	1.594095
4.219989	1.583268
4.223323	1.601738
4.226656	1.338374
4.229989	1.587089
4.233323	1.385188
4.236656	1.558428
4.239989	1.435822
4.243323	1.503335
4.246656	1.374042
4.249989	1.637724
4.253323	1.545690
4.256656	1.379774
4.259989	1.289332
4.263323	1.551741
4.266656	1.466076
4.269989	1.505246
4.273323	1.457477
4.276656	1.385188
4.279989	1.635495
4.283323	1.605241
4.286656	1.414486
4.289989	1.455885
4.293323	1.453337
4.296656	1.298567
4.299989	1.479451
4.303323	1.484546
4.306656	1.458114
4.309989	1.536773
4.313323	1.509067
4.316656	1.333598
4.319989	1.560976
4.323323	1.325318
4.326656	1.496011
4.329989	1.527219
4.333322	1.549193
4.336656	1.424358
4.339989	1.498877
4.343322	1.400474
4.346656	1.623393
4.349989	1.385188
4.353322	1.417352
4.356656	1.403977
4.359989	1.434230
4.363322	1.579128
4.366656	1.551422
4.369989	1.589637
4.373322	1.551422
4.376656	1.460344
4.379989	1.561613
4.383322	1.505883
4.386656	1.409390
4.389989	1.550148
4.393322	1.351431
4.396656	1.529130
4.399989	1.502380
4.403322	1.587089
4.406656	1.471171
4.409989	1.317038
4.413322	1.460025
4.416656	1.479769
4.419989	1.451108
4.423322	1.551104
4.426656	1.569574
4.429989	1.591866
4.433322	1.361622
4.436656	1.408117
4.439989	1.562250
4.443322	1.281052
4.446656	1.453337
4.449989	1.472763
4.453322	1.589319
4.456656	1.564797
4.459989	1.549193
4.463322	1.441555
4.466655	1.499195
4.469989	1.557154
4.473322	1.462573
4.476655	1.327228
4.479989	1.432956
4.483322	1.528493
4.486655	1.524035
4.489989	1.510978
4.493322	1.563842
4.496655	1.441873
4.499989	1.451427
4.503322	1.478177
4.506655	1.528175
4.509989	1.425632
4.513322	1.354934
4.516655	1.355571
4.519989	1.524035
4.523322	1.424039
4.526655	1.564479
4.529989	1.511934
4.533322	1.407161
4.536655	1.533589
4.539989	1.526583
4.543322	1.594095
4.546655	1.455567
4.549989	1.451108
4.553322	1.448879
4.556655	1.429135
4.559989	1.434548
4.563322	1.494737
4.566655	1.434230
4.569989	1.438370
4.573322	1.514481
4.576655	1.565434
4.579989	1.494737
4.583322	1.384869
4.586655	1.415441
4.589989	1.644412
4.593322	1.471171
4.596655	1.416078
4.599988	1.470853
4.603322	1.492826
4.606655	1.546964
4.609988	1.537092
4.613322	1.454930
4.616655	1.459070
4.619988	1.460025
4.623322	1.623393
4.626655	1.422129
4.629988	1.500788
4.633322	1.297930
4.636655	1.530404
4.639988	1.615432
4.643322	1.605241
4.646655	1.397607
4.649988	1.418307
4.653322	1.520213
4.656655	1.549193
4.659988	1.369583
4.663322	1.469579
4.666655	1.644412
4.669988	1.546008
4.673322	1.439007
4.676655	1.575625
4.679988	1.544098
4.683322	1.435185
4.686655	1.564479
4.689988	1.638998
4.693322	1.548238
4.696655	1.522761
4.699988	1.617024
4.703322	1.423402
4.706655	1.441236
4.709988	1.331368
4.713322	1.543779
4.716655	1.517666
4.719988	1.467350
4.723322	1.391238
4.726655	1.632629
4.729988	1.591548
4.733321	1.524990
4.736655	1.494737
4.739988	1.562568
4.743321	1.660334
4.746655	1.492826
4.749988	1.488049
4.753321	1.441555
4.756655	1.438688
4.759988	1.505564
4.763321	1.463528
4.766655	1.441873
4.769988	1.478177
4.773321	1.418944
4.776655	1.584223
4.779988	1.650144
4.783321	1.447287
4.786655	1.387417
4.789988	1.433275
4.793321	1.528812
4.796655	1.636132
4.799988	1.440599
4.803321	1.481043
4.806655	1.481999
4.809988	1.649825
4.813321	1.668614
4.816655	1.431045
4.819988	1.618935
4.823321	1.481999
4.826655	1.377863
4.829988	1.481999
4.833321	1.516073
4.836655	1.308758
4.839988	1.368628
4.843321	1.457796
4.846655	1.461617
4.849988	1.559065
4.853321	1.392194
4.856655	1.530722
4.859988	1.495692
4.863321	1.480088
4.866655	1.499514
4.869988	1.599191
4.873321	1.495374
4.876654	1.576262
4.879988	1.439962
4.883321	1.335827
4.886654	1.596325
4.889988	1.419581
4.893321	1.374360
4.896654	1.636132
4.899988	1.435185
4.903321	1.573077
4.906654	1.492189
4.909988	1.468942
4.913321	1.372131
4.916654	1.569574
4.919988	1.527856
4.923321	1.295383
4.926654	1.299204
4.929988	1.476585
4.933321	1.513526
4.936654	1.344107
4.939988	1.406206
4.943321	1.558428
4.946654	1.548556
4.949988	1.379137
4.953321	1.511615
4.956654	1.423721
4.959988	1.444739
4.963321	1.729758
4.966654	1.482635
4.969988	1.583586
4.973321	1.503654
4.976654	1.375634
4.979988	1.485820
4.983321	1.363851
4.986654	1.550148
4.989988	1.581676
4.993321	1.437415
4.996654	1.441873

