LabVIEW Measurement	
Writer_Version	2
Reader_Version	2
Separator	Tab
Decimal_Separator	.
Multi_Headings	Yes
X_Columns	One
Time_Pref	Absolute
Operator	labuser
Date	2019/05/16
Time	10:53:58.158709024999919809
***End_of_Header***	
	
Channels	1	
Samples	1500	
Date	2019/05/16	
Time	11:05:11.359022324999816088	
Y_Unit_Label	Volts	
X_Dimension	Time	
X0	0.0000000000000000E+0	
Delta_X	0.003333	
***End_of_Header***		
X_Value	Voltage	Comment
0.000000	1.486139
0.003333	1.488049
0.006667	1.613840
0.010000	1.593140
0.013333	1.541868
0.016667	1.600783
0.020000	1.662564
0.023333	1.554925
0.026667	1.641227
0.030000	1.544416
0.033333	1.676257
0.036667	1.622120
0.040000	1.426269
0.043333	1.518621
0.046667	1.348565
0.050000	1.376589
0.053333	1.443465
0.056667	1.425632
0.060000	1.351113
0.063333	1.650144
0.066666	1.411938
0.070000	1.568937
0.073333	1.481362
0.076666	1.624349
0.080000	1.542505
0.083333	1.482954
0.086666	1.515437
0.090000	1.341241
0.093333	1.500788
0.096666	1.604286
0.100000	1.470216
0.103333	1.334871
0.106666	1.530404
0.110000	1.632629
0.113333	1.612566
0.116666	1.612566
0.120000	1.511297
0.123333	1.629126
0.126666	1.446650
0.130000	1.331687
0.133333	1.568937
0.136666	1.623393
0.140000	1.640909
0.143333	1.588045
0.146666	1.563842
0.150000	1.663519
0.153333	1.642501
0.156666	1.563842
0.160000	1.532952
0.163333	1.284874
0.166666	1.382640
0.170000	1.496966
0.173333	1.452064
0.176666	1.512570
0.180000	1.643456
0.183333	1.417989
0.186666	1.449198
0.190000	1.631355
0.193333	1.576899
0.196666	1.498877
0.199999	1.586771
0.203333	1.452064
0.206666	1.373723
0.209999	1.358756
0.213333	1.384869
0.216666	1.549830
0.219999	1.520213
0.223333	1.373723
0.226666	1.536773
0.229999	1.627215
0.233333	1.444421
0.236666	1.463847
0.239999	1.416396
0.243333	1.599191
0.246666	1.568300
0.249999	1.525309
0.253333	1.433593
0.256666	1.526583
0.259999	1.437733
0.263333	1.443784
0.266666	1.314172
0.269999	1.566390
0.273333	1.463847
0.276666	1.520850
0.279999	1.657468
0.283333	1.593140
0.286666	1.530404
0.289999	1.309076
0.293333	1.444739
0.296666	1.515118
0.299999	1.599191
0.303333	1.531359
0.306666	1.474993
0.309999	1.314490
0.313333	1.479451
0.316666	1.366717
0.319999	1.448561
0.323333	1.327228
0.326666	1.283918
0.329999	1.387417
0.333332	1.375952
0.336666	1.449834
0.339999	1.616069
0.343332	1.650462
0.346666	1.626260
0.349999	1.446968
0.353332	1.598872
0.356666	1.612247
0.359999	1.609381
0.363332	1.430090
0.366666	1.527538
0.369999	1.439007
0.373332	1.582313
0.376666	1.403340
0.379999	1.379455
0.383332	1.638679
0.386666	1.627852
0.389999	1.469897
0.393332	1.509067
0.396666	1.585179
0.399999	1.510023
0.403332	1.266722
0.406666	1.532952
0.409999	1.574670
0.413332	1.633584
0.416666	1.485183
0.419999	1.482954
0.423332	1.564479
0.426666	1.503972
0.429999	1.485820
0.433332	1.370857
0.436666	1.512889
0.439999	1.532315
0.443332	1.466713
0.446666	1.324362
0.449999	1.532952
0.453332	1.603012
0.456666	1.523398
0.459999	1.563842
0.463332	1.404295
0.466665	1.445376
0.469999	1.549193
0.473332	1.545690
0.476665	1.627533
0.479999	1.513844
0.483332	1.442191
0.486665	1.513844
0.489999	1.453337
0.493332	1.652692
0.496665	1.499514
0.499999	1.562887
0.503332	1.564479
0.506665	1.425313
0.509999	1.314809
0.513332	1.326592
0.516665	1.257805
0.519999	1.415441
0.523332	1.636132
0.526665	1.459070
0.529999	1.603968
0.533332	1.531359
0.536665	1.354616
0.539999	1.284555
0.543332	1.386143
0.546665	1.398881
0.549999	1.396971
0.553332	1.339330
0.556665	1.402066
0.559999	1.565434
0.563332	1.515437
0.566665	1.496648
0.569999	1.498558
0.573332	1.461936
0.576665	1.542187
0.579999	1.472445
0.583332	1.379774
0.586665	1.611292
0.589999	1.327865
0.593332	1.415441
0.596665	1.546645
0.599998	1.651418
0.603332	1.581994
0.606665	1.530722
0.609998	1.474993
0.613332	1.595051
0.616665	1.547601
0.619998	1.483591
0.623332	1.482954
0.626665	1.455567
0.629998	1.484546
0.633332	1.513207
0.636665	1.630400
0.639998	1.652373
0.643332	1.526583
0.646665	1.434867
0.649998	1.563524
0.653332	1.586134
0.656665	1.485183
0.659998	1.564797
0.663332	1.671799
0.666665	1.603331
0.669998	1.607471
0.673332	1.441555
0.676665	1.550467
0.679998	1.398563
0.683332	1.432319
0.686665	1.523716
0.689998	1.552059
0.693332	1.566708
0.696665	1.378182
0.699998	1.564479
0.703332	1.587089
0.706665	1.391557
0.709998	1.460980
0.713332	1.611929
0.716665	1.513844
0.719998	1.450790
0.723332	1.260671
0.726665	1.556518
0.729998	1.588363
0.733331	1.513844
0.736665	1.592503
0.739998	1.601101
0.743331	1.607471
0.746665	1.583905
0.749998	1.497603
0.753331	1.581039
0.756665	1.530722
0.759998	1.547601
0.763331	1.672754
0.766665	1.606515
0.769998	1.589637
0.773331	1.457159
0.776665	1.620527
0.779998	1.634858
0.783331	1.514481
0.786665	1.413849
0.789998	1.343470
0.793331	1.519258
0.796665	1.515755
0.799998	1.393149
0.803331	1.435822
0.806665	1.410983
0.809998	1.367354
0.813331	1.658424
0.816665	1.249843
0.819998	1.565434
0.823331	1.555881
0.826665	1.487094
0.829998	1.509386
0.833331	1.465120
0.836665	1.457477
0.839998	1.401111
0.843331	1.285511
0.846665	1.268951
0.849998	1.539958
0.853331	1.552059
0.856665	1.446331
0.859998	1.453656
0.863331	1.475629
0.866664	1.582313
0.869998	1.555244
0.873331	1.460662
0.876664	1.521169
0.879998	1.482954
0.883331	1.470216
0.886664	1.506201
0.889998	1.633584
0.893331	1.518621
0.896664	1.494100
0.899998	1.517984
0.903331	1.445058
0.906664	1.470534
0.909998	1.589319
0.913331	1.560657
0.916664	1.555562
0.919998	1.387417
0.923331	1.620527
0.926664	1.575943
0.929998	1.558428
0.933331	1.475948
0.936664	1.583586
0.939998	1.662245
0.943331	1.480725
0.946664	1.410983
0.949998	1.383277
0.953331	1.350794
0.956664	1.580083
0.959998	1.350794
0.963331	1.626578
0.966664	1.509386
0.969998	1.470216
0.973331	1.653647
0.976664	1.536773
0.979998	1.434548
0.983331	1.517666
0.986664	1.376908
0.989998	1.497603
0.993331	1.479769
0.996664	1.638998
0.999997	1.531359
1.003331	1.535818
1.006664	1.527856
1.009997	1.468623
1.013331	1.341559
1.016664	1.612247
1.019997	1.529449
1.023331	1.377545
1.026664	1.306210
1.029997	1.376908
1.033331	1.564479
1.036664	1.542505
1.039997	1.547601
1.043331	1.555244
1.046664	1.522761
1.049997	1.508431
1.053331	1.538365
1.056664	1.660653
1.059997	1.578810
1.063331	1.517984
1.066664	1.280097
1.069997	1.579128
1.073331	1.409709
1.076664	1.482635
1.079997	1.532952
1.083331	1.575306
1.086664	1.671799
1.089997	1.545053
1.093331	1.652055
1.096664	1.477859
1.099997	1.499514
1.103331	1.453337
1.106664	1.530404
1.109997	1.650781
1.113331	1.649507
1.116664	1.551104
1.119997	1.589319
1.123331	1.499514
1.126664	1.588682
1.129997	1.591229
1.133331	1.453337
1.136664	1.510023
1.139997	1.548875
1.143330	1.496966
1.146664	1.510341
1.149997	1.342833
1.153330	1.470534
1.156664	1.451745
1.159997	1.618935
1.163330	1.334553
1.166664	1.309713
1.169997	1.429135
1.173330	1.553333
1.176664	1.441555
1.179997	1.465439
1.183330	1.460025
1.186664	1.532633
1.189997	1.279141
1.193330	1.323407
1.196664	1.414804
1.199997	1.539002
1.203330	1.535499
1.206664	1.635813
1.209997	1.508112
1.213330	1.609381
1.216664	1.358437
1.219997	1.511934
1.223330	1.633584
1.226664	1.559702
1.229997	1.416715
1.233330	1.435185
1.236664	1.546008
1.239997	1.614795
1.243330	1.437096
1.246664	1.386780
1.249997	1.383914
1.253330	1.454611
1.256664	1.398563
1.259997	1.592185
1.263330	1.578810
1.266663	1.520850
1.269997	1.424039
1.273330	1.612566
1.276663	1.560657
1.279997	1.443465
1.283330	1.526583
1.286663	1.520213
1.289997	1.497285
1.293330	1.546964
1.296663	1.399837
1.299997	1.473082
1.303330	1.501106
1.306663	1.578173
1.309997	1.673391
1.313330	1.630718
1.316663	1.612884
1.319997	1.483909
1.323330	1.427224
1.326663	1.399518
1.329997	1.597917
1.333330	1.605560
1.336663	1.448879
1.339997	1.376908
1.343330	1.483909
1.346663	1.543779
1.349997	1.502380
1.353330	1.543779
1.356663	1.451108
1.359997	1.641864
1.363330	1.648552
1.366663	1.594095
1.369997	1.575943
1.373330	1.545053
1.376663	1.426269
1.379997	1.503972
1.383330	1.304300
1.386663	1.432956
1.389997	1.603649
1.393330	1.512252
1.396663	1.560657
1.399996	1.660334
1.403330	1.679760
1.406663	1.539321
1.409996	1.477859
1.413330	1.624349
1.416663	1.538365
1.419996	1.287103
1.423330	1.527219
1.426663	1.406843
1.429996	1.399518
1.433330	1.562250
1.436663	1.589000
1.439996	1.506520
1.443330	1.578491
1.446663	1.464483
1.449996	1.446331
1.453330	1.518940
1.456663	1.574033
1.459996	1.369265
1.463330	1.651418
1.466663	1.531041
1.469996	1.600465
1.473330	1.447924
1.476663	1.595369
1.479996	1.573714
1.483330	1.465757
1.486663	1.654602
1.489996	1.584542
1.493330	1.589956
1.496663	1.362577
1.499996	1.414486
1.503330	1.499832
1.506663	1.593140
1.509996	1.396334
1.513330	1.432319
1.516663	1.513207
1.519996	1.282008
1.523330	1.353342
1.526663	1.478496
1.529996	1.571167
1.533330	1.419899
1.536663	1.431364
1.539996	1.625623
1.543329	1.517984
1.546663	1.453019
1.549996	1.652373
1.553329	1.516073
1.556663	1.587089
1.559996	1.654921
1.563329	1.383277
1.566663	1.450153
1.569996	1.415123
1.573329	1.334871
1.576663	1.375634
1.579996	1.380411
1.583329	1.345699
1.586663	1.343788
1.589996	1.539002
1.593329	1.401429
1.596663	1.270543
1.599996	1.421810
1.603329	1.310669
1.606663	1.620846
1.609996	1.440599
1.613329	1.475629
1.616663	1.348247
1.619996	1.573714
1.623329	1.425632
1.626663	1.467350
1.629996	1.632310
1.633329	1.564797
1.636663	1.494100
1.639996	1.628807
1.643329	1.696639
1.646663	1.632629
1.649996	1.428179
1.653329	1.563524
1.656663	1.528175
1.659996	1.638998
1.663329	1.522443
1.666662	1.588363
1.669996	1.536455
1.673329	1.522761
1.676662	1.519258
1.679996	1.482317
1.683329	1.602057
1.686662	1.460344
1.689996	1.564160
1.693329	1.545372
1.696662	1.474674
1.699996	1.653965
1.703329	1.509386
1.706662	1.496329
1.709996	1.465757
1.713329	1.540913
1.716662	1.403658
1.719996	1.559702
1.723329	1.572440
1.726662	1.522761
1.729996	1.532952
1.733329	1.556836
1.736662	1.617024
1.739996	1.415123
1.743329	1.576580
1.746662	1.599191
1.749996	1.567664
1.753329	1.510341
1.756662	1.550148
1.759996	1.612247
1.763329	1.493463
1.766662	1.298567
1.769996	1.298249
1.773329	1.511934
1.776662	1.520850
1.779996	1.385188
1.783329	1.539958
1.786662	1.571167
1.789996	1.599828
1.793329	1.456204
1.796662	1.522124
1.799995	1.385825
1.803329	1.363214
1.806662	1.413530
1.809995	1.522761
1.813329	1.663838
1.816662	1.691862
1.819995	1.638361
1.823329	1.516073
1.826662	1.531678
1.829995	1.698868
1.833329	1.576580
1.836662	1.625941
1.839995	1.681990
1.843329	1.627215
1.846662	1.662564
1.849995	1.399200
1.853329	1.526264
1.856662	1.404614
1.859995	1.617661
1.863329	1.604923
1.866662	1.471171
1.869995	1.612247
1.873329	1.571167
1.876662	1.632629
1.879995	1.521487
1.883329	1.389009
1.886662	1.461299
1.889995	1.335827
1.893329	1.613840
1.896662	1.670844
1.899995	1.494418
1.903329	1.548238
1.906662	1.611611
1.909995	1.556836
1.913329	1.414486
1.916662	1.577536
1.919995	1.576580
1.923329	1.578173
1.926662	1.469579
1.929995	1.548875
1.933329	1.554288
1.936662	1.511934
1.939995	1.359074
1.943328	1.461299
1.946662	1.581039
1.949995	1.525946
1.953328	1.582949
1.956662	1.462891
1.959995	1.614158
1.963328	1.545053
1.966662	1.634221
1.969995	1.697594
1.973328	1.632310
1.976662	1.562887
1.979995	1.381366
1.983328	1.555881
1.986662	1.460344
1.989995	1.554288
1.993328	1.481362
1.996662	1.593459
1.999995	1.612566
2.003328	1.515437
2.006662	1.510341
2.009995	1.412893
2.013328	1.627852
2.016662	1.689314
2.019995	1.341877
2.023328	1.393149
2.026662	1.543142
2.029995	1.528812
2.033328	1.474356
2.036662	1.561294
2.039995	1.593140
2.043328	1.517029
2.046662	1.487731
2.049995	1.619890
2.053328	1.607152
2.056662	1.427542
2.059995	1.331368
2.063328	1.529449
2.066661	1.653010
2.069995	1.577217
2.073328	1.437733
2.076661	1.534862
2.079995	1.615114
2.083328	1.501743
2.086661	1.480406
2.089995	1.313216
2.093328	1.470216
2.096661	1.603649
2.099995	1.535181
2.103328	1.398563
2.106661	1.376589
2.109995	1.355253
2.113328	1.350794
2.116661	1.548238
2.119995	1.387735
2.123328	1.246659
2.126661	1.597598
2.129995	1.629444
2.133328	1.659379
2.136661	1.405250
2.139995	1.425632
2.143328	1.243793
2.146661	1.445694
2.149995	1.639953
2.153328	1.585497
2.156661	1.687085
2.159995	1.660653
2.163328	1.667659
2.166661	1.434867
2.169995	1.654284
2.173328	1.564797
2.176661	1.432319
2.179995	1.591548
2.183328	1.629444
2.186661	1.467986
2.189995	1.636132
2.193328	1.528493
2.196661	1.592185
2.199994	1.618935
2.203328	1.562250
2.206661	1.547919
2.209994	1.556518
2.213328	1.585497
2.216661	1.444739
2.219994	1.538047
2.223328	1.662564
2.226661	1.605878
2.229994	1.524990
2.233328	1.402703
2.236661	1.519577
2.239994	1.611929
2.243328	1.525946
2.246661	1.531041
2.249994	1.449198
2.253328	1.392831
2.256661	1.473082
2.259994	1.373086
2.263328	1.369902
2.266661	1.403340
2.269994	1.587408
2.273328	1.480406
2.276661	1.383595
2.279994	1.466076
2.283328	1.370220
2.286661	1.561294
2.289994	1.347291
2.293328	1.538047
2.296661	1.652055
2.299994	1.610018
2.303328	1.585816
2.306661	1.548238
2.309994	1.588682
2.313328	1.483272
2.316661	1.431045
2.319994	1.381366
2.323328	1.537729
2.326661	1.392194
2.329994	1.571167
2.333327	1.584542
2.336661	1.669251
2.339994	1.539321
2.343327	1.529130
2.346661	1.592503
2.349994	1.649189
2.353327	1.444421
2.356661	1.507794
2.359994	1.553651
2.363327	1.541550
2.366661	1.492508
2.369994	1.547282
2.373327	1.589000
2.376661	1.487731
2.379994	1.539002
2.383327	1.420855
2.386661	1.471489
2.389994	1.355571
2.393327	1.381685
2.396661	1.406843
2.399994	1.517666
2.403327	1.428816
2.406661	1.585179
2.409994	1.612247
2.413327	1.640590
2.416661	1.545690
2.419994	1.457796
2.423327	1.552059
2.426661	1.498877
2.429994	1.519258
2.433327	1.452701
2.436661	1.586452
2.439994	1.525309
2.443327	1.466394
2.446661	1.525627
2.449994	1.521169
2.453327	1.450153
2.456661	1.579128
2.459994	1.544416
2.463327	1.410664
2.466660	1.448879
2.469994	1.648552
2.473327	1.685811
2.476660	1.518940
2.479994	1.313216
2.483327	1.638361
2.486660	1.564797
2.489994	1.393786
2.493327	1.407480
2.496660	1.328502
2.499994	1.418307
2.503327	1.418307
2.506660	1.502061
2.509994	1.514800
2.513327	1.560657
2.516660	1.437733
2.519994	1.428179
2.523327	1.428179
2.526660	1.493463
2.529994	1.534226
2.533327	1.488049
2.536660	1.325318
2.539994	1.444102
2.543327	1.457796
2.546660	1.543779
2.549994	1.564160
2.553327	1.519577
2.556660	1.559702
2.559994	1.489960
2.563327	1.451108
2.566660	1.432956
2.569994	1.681671
2.573327	1.350157
2.576660	1.449198
2.579994	1.494737
2.583327	1.489005
2.586660	1.465120
2.589994	1.491871
2.593327	1.581676
2.596660	1.471489
2.599994	1.526583
2.603327	1.555244
2.606660	1.518940
2.609993	1.473400
2.613327	1.423402
2.616660	1.585179
2.619993	1.661290
2.623327	1.604923
2.626660	1.577854
2.629993	1.665748
2.633327	1.465439
2.636660	1.512889
2.639993	1.621483
2.643327	1.591229
2.646660	1.313853
2.649993	1.369583
2.653327	1.438688
2.656660	1.568937
2.659993	1.469260
2.663327	1.427861
2.666660	1.421810
2.669993	1.640909
2.673327	1.477540
2.676660	1.363533
2.679993	1.475948
2.683327	1.506520
2.686660	1.590911
2.689993	1.569574
2.693327	1.287103
2.696660	1.364488
2.699993	1.472126
2.703327	1.597280
2.706660	1.465757
2.709993	1.363851
2.713327	1.424995
2.716660	1.540913
2.719993	1.575625
2.723327	1.433593
2.726660	1.637724
2.729993	1.561294
2.733326	1.470216
2.736660	1.536136
2.739993	1.437733
2.743326	1.526264
2.746660	1.384869
2.749993	1.385188
2.753326	1.374997
2.756660	1.562250
2.759993	1.631673
2.763326	1.564479
2.766660	1.547282
2.769993	1.642182
2.773326	1.431364
2.776660	1.367991
2.779993	1.317356
2.783326	1.531041
2.786660	1.570211
2.789993	1.578173
2.793326	1.487094
2.796660	1.450471
2.799993	1.529130
2.803326	1.549193
2.806660	1.616069
2.809993	1.537729
2.813326	1.572440
2.816660	1.699823
2.819993	1.423721
2.823326	1.530404
2.826660	1.564797
2.829993	1.490597
2.833326	1.455885
2.836660	1.549193
2.839993	1.553014
2.843326	1.605560
2.846660	1.671799
2.849993	1.541868
2.853326	1.386461
2.856660	1.522443
2.859993	1.650781
2.863326	1.719568
2.866659	1.417033
2.869993	1.500151
2.873326	1.432956
2.876659	1.373086
2.879993	1.513207
2.883326	1.655558
2.886659	1.525309
2.889993	1.463528
2.893326	1.468942
2.896659	1.463528
2.899993	1.500151
2.903326	1.527856
2.906659	1.567982
2.909993	1.462254
2.913326	1.329139
2.916659	1.384869
2.919993	1.601738
2.923326	1.547601
2.926659	1.301433
2.929993	1.419899
2.933326	1.645685
2.936659	1.432001
2.939993	1.297930
2.943326	1.560339
2.946659	1.499195
2.949993	1.486775
2.953326	1.458751
2.956659	1.546008
2.959993	1.632310
2.963326	1.606197
2.966659	1.518940
2.969993	1.395378
2.973326	1.454930
2.976659	1.360666
2.979993	1.614477
2.983326	1.398881
2.986659	1.385825
2.989993	1.496966
2.993326	1.331687
2.996659	1.592185
2.999992	1.529449
3.003326	1.425632
3.006659	1.435504
3.009992	1.471808
3.013326	1.537410
3.016659	1.388372
3.019992	1.596325
3.023326	1.530086
3.026659	1.561294
3.029992	1.504291
3.033326	1.525946
3.036659	1.411938
3.039992	1.608426
3.043326	1.532952
3.046659	1.551422
3.049992	1.606197
3.053326	1.461936
3.056659	1.420855
3.059992	1.550785
3.063326	1.423402
3.066659	1.521169
3.069992	1.302070
3.073326	1.601101
3.076659	1.452064
3.079992	1.420536
3.083326	1.511615
3.086659	1.528812
3.089992	1.592185
3.093326	1.562250
3.096659	1.340604
3.099992	1.296975
3.103326	1.531678
3.106659	1.543779
3.109992	1.419263
3.113326	1.541868
3.116659	1.322133
3.119992	1.324044
3.123326	1.377226
3.126659	1.473719
3.129992	1.543779
3.133325	1.507475
3.136659	1.314809
3.139992	1.406206
3.143325	1.571485
3.146659	1.607152
3.149992	1.475311
3.153325	1.525309
3.156659	1.437415
3.159992	1.563842
3.163325	1.389328
3.166659	1.339330
3.169992	1.453656
3.173325	1.334235
3.176659	1.408753
3.179992	1.486457
3.183325	1.404295
3.186659	1.308758
3.189992	1.628807
3.193325	1.559065
3.196659	1.562887
3.199992	1.439644
3.203325	1.398244
3.206659	1.544416
3.209992	1.369902
3.213325	1.416396
3.216659	1.360666
3.219992	1.437415
3.223325	1.497921
3.226659	1.400792
3.229992	1.434867
3.233325	1.353023
3.236659	1.638043
3.239992	1.606197
3.243325	1.483272
3.246659	1.585179
3.249992	1.368628
3.253325	1.496648
3.256659	1.600465
3.259992	1.573396
3.263325	1.631355
3.266658	1.587726
3.269992	1.503335
3.273325	1.343788
3.276658	1.636450
3.279992	1.566071
3.283325	1.550148
3.286658	1.621483
3.289992	1.613521
3.293325	1.321496
3.296658	1.380092
3.299992	1.275002
3.303325	1.448879
3.306658	1.298249
3.309992	1.557154
3.313325	1.441555
3.316658	1.510978
3.319992	1.519577
3.323325	1.506201
3.326658	1.514163
3.329992	1.619890
3.333325	1.502380
3.336658	1.670844
3.339992	1.412256
3.343325	1.381366
3.346658	1.591866
3.349992	1.449834
3.353325	1.587408
3.356658	1.633584
3.359992	1.539639
3.363325	1.644730
3.366658	1.507475
3.369992	1.609381
3.373325	1.484865
3.376658	1.553651
3.379992	1.609381
3.383325	1.447287
3.386658	1.487412
3.389992	1.473082
3.393325	1.575625
3.396658	1.499195
3.399991	1.551422
3.403325	1.327228
3.406658	1.327865
3.409991	1.571803
3.413325	1.542824
3.416658	1.467668
3.419991	1.545690
3.423325	1.454293
3.426658	1.481680
3.429991	1.585816
3.433325	1.493781
3.436658	1.471489
3.439991	1.584542
3.443325	1.622120
3.446658	1.632310
3.449991	1.357800
3.453325	1.466394
3.456658	1.499195
3.459991	1.453974
3.463325	1.582313
3.466658	1.442510
3.469991	1.558428
3.473325	1.600465
3.476658	1.529130
3.479991	1.483272
3.483325	1.273728
3.486658	1.499514
3.489991	1.492508
3.493325	1.399200
3.496658	1.385506
3.499991	1.548875
3.503325	1.494418
3.506658	1.469260
3.509991	1.457477
3.513325	1.471808
3.516658	1.537410
3.519991	1.532315
3.523325	1.622438
3.526658	1.548875
3.529991	1.433593
3.533324	1.549830
3.536658	1.575625
3.539991	1.406206
3.543324	1.506838
3.546658	1.487731
3.549991	1.406843
3.553324	1.319904
3.556658	1.636132
3.559991	1.518303
3.563324	1.308121
3.566658	1.479451
3.569991	1.449834
3.573324	1.510660
3.576658	1.637406
3.579991	1.535818
3.583324	1.324681
3.586658	1.347928
3.589991	1.528175
3.593324	1.601101
3.596658	1.442510
3.599991	1.617024
3.603324	1.428816
3.606658	1.626897
3.609991	1.566390
3.613324	1.529767
3.616658	1.557791
3.619991	1.521487
3.623324	1.282963
3.626658	1.581357
3.629991	1.585179
3.633324	1.635813
3.636658	1.568300
3.639991	1.469897
3.643324	1.386143
3.646658	1.474674
3.649991	1.608744
3.653324	1.523398
3.656658	1.465757
3.659991	1.396652
3.663324	1.481362
3.666657	1.641227
3.669991	1.437733
3.673324	1.510023
3.676657	1.690269
3.679991	1.632629
3.683324	1.540595
3.686657	1.310032
3.689991	1.526901
3.693324	1.568300
3.696657	1.513207
3.699991	1.403340
3.703324	1.619890
3.706657	1.479132
3.709991	1.560657
3.713324	1.634858
3.716657	1.537410
3.719991	1.684219
3.723324	1.554925
3.726657	1.410346
3.729991	1.517666
3.733324	1.389646
3.736657	1.567345
3.739991	1.600465
3.743324	1.441555
3.746657	1.405887
3.749991	1.322770
3.753324	1.426587
3.756657	1.511297
3.759991	1.597598
3.763324	1.533907
3.766657	1.432319
3.769991	1.426587
3.773324	1.503335
3.776657	1.425313
3.779991	1.469579
3.783324	1.375952
3.786657	1.429772
3.789991	1.346336
3.793324	1.578810
3.796657	1.340922
3.799990	1.427224
3.803324	1.422129
3.806657	1.387417
3.809990	1.396971
3.813324	1.566071
3.816657	1.309713
3.819990	1.630081
3.823324	1.441555
3.826657	1.432001
3.829990	1.417352
3.833324	1.476585
3.836657	1.441873
3.839990	1.604286
3.843324	1.514163
3.846657	1.468942
3.849990	1.465757
3.853324	1.378182
3.856657	1.619572
3.859990	1.514163
3.863324	1.513844
3.866657	1.554925
3.869990	1.432319
3.873324	1.232328
3.876657	1.604923
3.879990	1.474993
3.883324	1.371812
3.886657	1.471808
3.889990	1.624030
3.893324	1.664156
3.896657	1.571803
3.899990	1.478496
3.903324	1.426906
3.906657	1.590911
3.909990	1.472126
3.913324	1.513207
3.916657	1.546645
3.919990	1.636132
3.923324	1.418944
3.926657	1.425313
3.929990	1.399200
3.933323	1.577536
3.936657	1.403658
3.939990	1.424995
3.943323	1.480406
3.946657	1.523398
3.949990	1.718612
3.953323	1.622438
3.956657	1.573396
3.959990	1.561931
3.963323	1.427224
3.966657	1.657787
3.969990	1.576899
3.973323	1.462891
3.976657	1.627533
3.979990	1.632310
3.983323	1.550148
3.986657	1.521487
3.989990	1.478177
3.993323	1.370857
3.996657	1.333598
3.999990	1.614158
4.003323	1.573714
4.006657	1.469897
4.009990	1.295701
4.013323	1.542824
4.016657	1.468305
4.019990	1.531996
4.023323	1.476903
4.026657	1.327547
4.029990	1.689314
4.033323	1.336464
4.036657	1.510660
4.039990	1.412256
4.043323	1.417033
4.046657	1.593459
4.049990	1.537092
4.053323	1.460344
4.056657	1.402066
4.059990	1.671799
4.063323	1.581676
4.066656	1.603649
4.069990	1.353342
4.073323	1.308758
4.076656	1.575625
4.079990	1.513526
4.083323	1.524035
4.086656	1.573077
4.089990	1.507157
4.093323	1.476266
4.096656	1.530404
4.099990	1.265129
4.103323	1.509067
4.106656	1.538365
4.109990	1.429772
4.113323	1.534226
4.116656	1.360985
4.119990	1.444739
4.123323	1.502061
4.126656	1.556518
4.129990	1.655239
4.133323	1.575306
4.136656	1.611929
4.139990	1.521806
4.143323	1.584542
4.146656	1.426587
4.149990	1.489323
4.153323	1.312579
4.156656	1.595369
4.159990	1.507157
4.163323	1.468305
4.166656	1.525627
4.169990	1.489960
4.173323	1.495692
4.176656	1.560021
4.179990	1.576899
4.183323	1.480088
4.186656	1.489960
4.189990	1.400474
4.193323	1.461617
4.196656	1.426587
4.199990	1.335190
4.203323	1.675620
4.206656	1.361940
4.209989	1.375634
4.213323	1.374042
4.216656	1.713198
4.219989	1.375634
4.223323	1.408435
4.226656	1.412575
4.229989	1.646959
4.233323	1.431045
4.236656	1.482635
4.239989	1.593777
4.243323	1.589637
4.246656	1.482954
4.249989	1.412256
4.253323	1.379137
4.256656	1.618617
4.259989	1.538047
4.263323	1.488368
4.266656	1.423084
4.269989	1.563524
4.273323	1.460980
4.276656	1.610974
4.279989	1.560339
4.283323	1.416078
4.286656	1.483591
4.289989	1.434548
4.293323	1.535181
4.296656	1.474356
4.299989	1.548238
4.303323	1.430409
4.306656	1.560021
4.309989	1.541550
4.313323	1.651418
4.316656	1.554607
4.319989	1.555244
4.323323	1.640590
4.326656	1.579128
4.329989	1.300160
4.333322	1.362896
4.336656	1.644730
4.339989	1.577536
4.343322	1.429135
4.346656	1.629444
4.349989	1.594095
4.353322	1.478496
4.356656	1.346654
4.359989	1.654921
4.363322	1.553970
4.366656	1.524672
4.369989	1.567345
4.373322	1.684219
4.376656	1.661927
4.379989	1.607789
4.383322	1.562250
4.386656	1.604923
4.389989	1.505883
4.393322	1.634858
4.396656	1.515755
4.399989	1.413212
4.403322	1.531678
4.406656	1.525627
4.409989	1.395378
4.413322	1.584860
4.416656	1.515755
4.419989	1.516710
4.423322	1.541232
4.426656	1.412256
4.429989	1.510660
4.433322	1.509386
4.436656	1.344425
4.439989	1.366399
4.443322	1.650144
4.446656	1.563842
4.449989	1.595688
4.453322	1.613840
4.456656	1.414167
4.459989	1.427861
4.463322	1.465757
4.466655	1.641227
4.469989	1.501743
4.473322	1.596006
4.476655	1.527856
4.479989	1.447287
4.483322	1.484865
4.486655	1.579765
4.489989	1.578491
4.493322	1.419899
4.496655	1.331687
4.499989	1.665430
4.503322	1.655558
4.506655	1.415760
4.509989	1.301433
4.513322	1.400792
4.516655	1.596962
4.519989	1.567664
4.523322	1.419263
4.526655	1.391875
4.529989	1.467031
4.533322	1.611611
4.536655	1.417352
4.539989	1.451108
4.543322	1.511615
4.546655	1.479769
4.549989	1.390601
4.553322	1.379137
4.556655	1.616387
4.559989	1.634221
4.563322	1.490915
4.566655	1.467986
4.569989	1.597917
4.573322	1.406843
4.576655	1.529130
4.579989	1.563842
4.583322	1.558747
4.586655	1.470216
4.589989	1.448242
4.593322	1.534862
4.596655	1.489960
4.599988	1.677531
4.603322	1.559384
4.606655	1.611929
4.609988	1.354934
4.613322	1.405887
4.616655	1.639953
4.619988	1.520213
4.623322	1.520532
4.626655	1.528812
4.629988	1.467986
4.633322	1.368309
4.636655	1.513207
4.639988	1.567982
4.643322	1.579765
4.646655	1.589000
4.649988	1.597280
4.653322	1.548238
4.656655	1.568937
4.659988	1.510978
4.663322	1.532633
4.666655	1.607789
4.669988	1.517347
4.673322	1.346973
4.676655	1.578491
4.679988	1.630400
4.683322	1.656831
4.686655	1.513844
4.689988	1.324362
4.693322	1.449516
4.696655	1.556518
4.699988	1.447287
4.703322	1.517666
4.706655	1.328821
4.709988	1.290287
4.713322	1.332324
4.716655	1.492826
4.719988	1.473719
4.723322	1.638043
4.726655	1.354616
4.729988	1.403977
4.733321	1.385188
4.736655	1.507794
4.739988	1.678487
4.743321	1.504291
4.746655	1.671799
4.749988	1.630081
4.753321	1.408435
4.756655	1.453656
4.759988	1.386461
4.763321	1.585816
4.766655	1.586771
4.769988	1.593459
4.773321	1.561613
4.776655	1.436141
4.779988	1.664156
4.783321	1.448242
4.786655	1.429135
4.789988	1.438370
4.793321	1.402703
4.796655	1.464165
4.799988	1.464165
4.803321	1.385825
4.806655	1.629763
4.809988	1.403021
4.813321	1.555244
4.816655	1.528175
4.819988	1.557154
4.823321	1.421173
4.826655	1.386780
4.829988	1.573714
4.833321	1.389009
4.836655	1.574033
4.839988	1.441236
4.843321	1.466394
4.846655	1.589000
4.849988	1.445058
4.853321	1.267995
4.856655	1.513207
4.859988	1.506520
4.863321	1.328184
4.866655	1.648552
4.869988	1.531041
4.873321	1.518621
4.876654	1.569893
4.879988	1.380092
4.883321	1.594095
4.886654	1.569256
4.889988	1.595688
4.893321	1.631036
4.896654	1.354934
4.899988	1.591866
4.903321	1.379137
4.906654	1.492508
4.909988	1.518303
4.913321	1.391875
4.916654	1.453974
4.919988	1.431364
4.923321	1.497603
4.926654	1.509067
4.929988	1.555562
4.933321	1.508112
4.936654	1.376589
4.939988	1.367673
4.943321	1.654602
4.946654	1.542187
4.949988	1.553651
4.953321	1.566071
4.956654	1.511615
4.959988	1.429772
4.963321	1.511934
4.966654	1.671480
4.969988	1.506520
4.973321	1.510978
4.976654	1.420536
4.979988	1.395060
4.983321	1.563842
4.986654	1.550148
4.989988	1.518940
4.993321	1.499195
4.996654	1.627215

