LabVIEW Measurement	
Writer_Version	2
Reader_Version	2
Separator	Tab
Decimal_Separator	.
Multi_Headings	Yes
X_Columns	One
Time_Pref	Absolute
Operator	labuser
Date	1904/01/01
Time	01:00:00.
***End_of_Header***	
	
Channels	1	
Samples	1500	
Date	2019/05/16	
Time	11:22:40.1468906249999259285	
Y_Unit_Label	Volts	
X_Dimension	Time	
X0	0.0000000000000000E+0	
Delta_X	0.003333	
***End_of_Header***		
X_Value	Voltage	Comment
0.000000	1.410027
0.003333	1.600146
0.006667	1.462573
0.010000	1.639635
0.013333	1.564160
0.016667	1.523716
0.020000	1.398244
0.023333	1.417033
0.026667	1.474674
0.030000	1.440918
0.033333	1.519577
0.036667	1.485502
0.040000	1.509704
0.043333	1.537092
0.046667	1.530722
0.050000	1.583268
0.053333	1.486139
0.056667	1.425632
0.060000	1.392831
0.063333	1.438052
0.066666	1.468623
0.070000	1.365762
0.073333	1.313216
0.076666	1.383595
0.080000	1.242519
0.083333	1.529767
0.086666	1.515755
0.090000	1.509386
0.093333	1.543142
0.096666	1.505564
0.100000	1.464802
0.103333	1.433912
0.106666	1.477222
0.110000	1.523080
0.113333	1.492826
0.116666	1.346654
0.120000	1.502380
0.123333	1.504291
0.126666	1.524672
0.130000	1.456204
0.133333	1.597917
0.136666	1.498877
0.140000	1.390283
0.143333	1.436778
0.146666	1.359393
0.150000	1.549830
0.153333	1.502061
0.156666	1.561613
0.160000	1.376908
0.163333	1.564479
0.166666	1.485820
0.170000	1.487094
0.173333	1.498240
0.176666	1.560976
0.180000	1.567027
0.183333	1.438052
0.186666	1.510341
0.190000	1.492508
0.193333	1.356527
0.196666	1.474356
0.199999	1.366717
0.203333	1.526264
0.206666	1.531996
0.209999	1.410027
0.213333	1.401111
0.216666	1.362259
0.219999	1.329776
0.223333	1.380411
0.226666	1.418944
0.229999	1.548556
0.233333	1.476266
0.236666	1.504609
0.239999	1.569893
0.243333	1.530404
0.246666	1.517666
0.249999	1.453974
0.253333	1.433275
0.256666	1.415441
0.259999	1.423402
0.263333	1.374997
0.266666	1.546327
0.269999	1.545690
0.273333	1.474037
0.276666	1.436141
0.279999	1.490915
0.283333	1.520213
0.286666	1.459707
0.289999	1.353023
0.293333	1.350476
0.296666	1.540595
0.299999	1.474356
0.303333	1.508431
0.306666	1.573714
0.309999	1.370220
0.313333	1.526264
0.316666	1.510341
0.319999	1.425950
0.323333	1.324044
0.326666	1.419581
0.329999	1.341241
0.333332	1.370220
0.336666	1.518621
0.339999	1.606515
0.343332	1.640590
0.346666	1.475948
0.349999	1.295701
0.353332	1.367036
0.356666	1.350476
0.359999	1.361940
0.363332	1.369265
0.366666	1.524353
0.369999	1.429772
0.373332	1.394423
0.376666	1.554288
0.379999	1.504609
0.383332	1.468623
0.386666	1.616069
0.389999	1.523398
0.393332	1.295383
0.396666	1.365125
0.399999	1.538047
0.403332	1.351431
0.406666	1.490915
0.409999	1.558747
0.413332	1.496648
0.416666	1.388691
0.419999	1.639635
0.423332	1.436459
0.426666	1.574670
0.429999	1.505883
0.433332	1.501106
0.436666	1.615432
0.439999	1.528812
0.443332	1.337419
0.446666	1.473082
0.449999	1.489005
0.453332	1.453019
0.456666	1.518940
0.459999	1.436459
0.463332	1.596325
0.466665	1.601420
0.469999	1.327228
0.473332	1.389328
0.476665	1.542505
0.479999	1.566071
0.483332	1.561613
0.486665	1.571167
0.489999	1.582949
0.493332	1.535499
0.496665	1.442510
0.499999	1.614795
0.503332	1.643456
0.506665	1.586771
0.509999	1.432001
0.513332	1.596325
0.516665	1.631036
0.519999	1.460980
0.523332	1.422766
0.526665	1.498240
0.529999	1.550467
0.533332	1.367354
0.536665	1.527538
0.539999	1.348247
0.543332	1.405250
0.546665	1.607471
0.549999	1.543779
0.553332	1.496966
0.556665	1.628807
0.559999	1.428498
0.563332	1.547282
0.566665	1.412256
0.569999	1.450790
0.573332	1.540595
0.576665	1.437096
0.579999	1.555881
0.583332	1.612566
0.586665	1.419263
0.589999	1.448242
0.593332	1.439962
0.596665	1.609063
0.599998	1.490915
0.603332	1.439007
0.606665	1.275002
0.609998	1.535818
0.613332	1.395378
0.616665	1.529130
0.619998	1.562887
0.623332	1.584223
0.626665	1.543779
0.629998	1.487094
0.633332	1.444102
0.636665	1.485502
0.639998	1.489642
0.643332	1.587089
0.646665	1.439962
0.649998	1.579128
0.653332	1.570211
0.656665	1.355571
0.659998	1.328184
0.663332	1.501424
0.666665	1.398244
0.669998	1.476585
0.673332	1.457159
0.676665	1.511934
0.679998	1.405887
0.683332	1.519895
0.686665	1.493463
0.689998	1.440599
0.693332	1.451108
0.696665	1.450471
0.699998	1.389009
0.703332	1.586452
0.706665	1.589000
0.709998	1.552059
0.713332	1.517347
0.716665	1.561613
0.719998	1.500788
0.723332	1.444102
0.726665	1.478496
0.729998	1.410346
0.733331	1.489323
0.736665	1.510978
0.739998	1.430409
0.743331	1.574988
0.746665	1.388054
0.749998	1.424358
0.753331	1.512889
0.756665	1.516392
0.759998	1.432319
0.763331	1.436459
0.766665	1.592822
0.769998	1.579128
0.773331	1.594732
0.776665	1.298886
0.779998	1.530722
0.783331	1.491552
0.786665	1.426269
0.789998	1.494100
0.793331	1.584542
0.796665	1.627852
0.799998	1.470216
0.803331	1.519577
0.806665	1.461617
0.809998	1.557473
0.813331	1.498240
0.816665	1.511934
0.819998	1.514481
0.823331	1.398881
0.826665	1.410346
0.829998	1.473082
0.833331	1.399518
0.836665	1.561613
0.839998	1.577536
0.843331	1.380092
0.846665	1.606197
0.849998	1.647278
0.853331	1.494100
0.856665	1.509704
0.859998	1.464165
0.863331	1.479769
0.866664	1.496329
0.869998	1.358756
0.873331	1.331050
0.876664	1.486775
0.879998	1.472763
0.883331	1.546327
0.886664	1.568937
0.889998	1.425632
0.893331	1.437733
0.896664	1.392831
0.899998	1.455567
0.903331	1.424676
0.906664	1.368309
0.909998	1.568300
0.913331	1.609381
0.916664	1.484228
0.919998	1.445058
0.923331	1.571485
0.926664	1.508749
0.929998	1.548238
0.933331	1.590911
0.936664	1.545053
0.939998	1.557473
0.943331	1.508112
0.946664	1.539958
0.949998	1.533270
0.953331	1.578810
0.956664	1.378819
0.959998	1.581039
0.963331	1.353660
0.966664	1.498558
0.969998	1.572122
0.973331	1.526901
0.976664	1.672754
0.979998	1.429135
0.983331	1.528175
0.986664	1.582631
0.989998	1.609381
0.993331	1.561294
0.996664	1.491871
0.999997	1.543779
1.003331	1.249843
1.006664	1.489960
1.009997	1.623393
1.013331	1.553970
1.016664	1.398881
1.019997	1.431364
1.023331	1.574033
1.026664	1.489642
1.029997	1.353023
1.033331	1.500469
1.036664	1.544416
1.039997	1.471171
1.043331	1.321178
1.046664	1.537092
1.049997	1.546964
1.053331	1.562250
1.056664	1.443147
1.059997	1.586134
1.063331	1.592503
1.066664	1.537410
1.069997	1.474993
1.073331	1.443784
1.076664	1.483909
1.079997	1.430409
1.083331	1.493463
1.086664	1.474356
1.089997	1.537410
1.093331	1.541868
1.096664	1.431045
1.099997	1.345699
1.103331	1.503017
1.106664	1.391875
1.109997	1.506838
1.113331	1.399837
1.116664	1.471171
1.119997	1.512889
1.123331	1.460980
1.126664	1.337738
1.129997	1.520850
1.133331	1.433912
1.136664	1.467986
1.139997	1.519577
1.143330	1.436141
1.146664	1.445694
1.149997	1.420218
1.153330	1.507475
1.156664	1.565434
1.159997	1.578810
1.163330	1.418307
1.166664	1.469897
1.169997	1.474037
1.173330	1.507157
1.176664	1.422766
1.179997	1.434867
1.183330	1.366080
1.186664	1.393468
1.189997	1.430090
1.193330	1.423084
1.196664	1.633903
1.199997	1.513526
1.203330	1.426269
1.206664	1.415441
1.209997	1.513207
1.213330	1.471808
1.216664	1.533589
1.219997	1.503654
1.223330	1.358756
1.226664	1.526264
1.229997	1.474674
1.233330	1.350476
1.236664	1.544416
1.239997	1.485502
1.243330	1.510341
1.246664	1.690588
1.249997	1.376908
1.253330	1.484546
1.256664	1.443784
1.259997	1.421810
1.263330	1.430409
1.266663	1.504927
1.269997	1.490915
1.273330	1.554288
1.276663	1.671480
1.279997	1.459070
1.283330	1.410983
1.286663	1.605878
1.289997	1.370539
1.293330	1.290924
1.296663	1.412256
1.299997	1.447605
1.303330	1.619254
1.306663	1.494100
1.309997	1.535499
1.313330	1.601101
1.316663	1.579128
1.319997	1.466713
1.323330	1.553333
1.326663	1.540913
1.329997	1.503654
1.333330	1.532633
1.336663	1.601101
1.339997	1.494100
1.343330	1.536773
1.346663	1.431682
1.349997	1.452701
1.353330	1.493145
1.356663	1.606197
1.359997	1.539639
1.363330	1.436141
1.366663	1.414486
1.369997	1.577854
1.373330	1.456840
1.376663	1.428179
1.379997	1.454611
1.383330	1.490915
1.386663	1.450790
1.389997	1.411620
1.393330	1.304618
1.396663	1.424995
1.399996	1.353342
1.403330	1.436141
1.406663	1.431364
1.409996	1.468942
1.413330	1.576899
1.416663	1.558428
1.419996	1.524672
1.423330	1.345699
1.426663	1.587726
1.429996	1.555244
1.433330	1.556199
1.436663	1.557791
1.439996	1.309395
1.443330	1.546327
1.446663	1.628807
1.449996	1.563205
1.453330	1.385188
1.456663	1.562250
1.459996	1.627852
1.463330	1.618617
1.466663	1.462254
1.469996	1.600465
1.473330	1.539639
1.476663	1.402703
1.479996	1.457159
1.483330	1.567982
1.486663	1.593459
1.489996	1.529767
1.493330	1.582631
1.496663	1.587408
1.499996	1.557154
1.503330	1.447924
1.506663	1.364806
1.509996	1.518303
1.513330	1.645367
1.516663	1.546645
1.519996	1.445058
1.523330	1.564797
1.526663	1.457477
1.529996	1.542187
1.533330	1.534226
1.536663	1.428498
1.539996	1.559065
1.543329	1.563205
1.546663	1.605241
1.549996	1.501424
1.553329	1.532315
1.556663	1.357800
1.559996	1.589956
1.563329	1.504609
1.566663	1.574670
1.569996	1.527538
1.573329	1.333916
1.576663	1.567664
1.579996	1.601101
1.583329	1.424995
1.586663	1.456840
1.589996	1.530722
1.593329	1.519258
1.596663	1.470216
1.599996	1.518940
1.603329	1.549830
1.606663	1.302389
1.609996	1.474037
1.613329	1.491871
1.616663	1.434867
1.619996	1.519895
1.623329	1.556836
1.626663	1.588682
1.629996	1.559702
1.633329	1.437733
1.636663	1.560021
1.639996	1.589000
1.643329	1.592185
1.646663	1.475629
1.649996	1.335827
1.653329	1.540276
1.656663	1.442828
1.659996	1.454611
1.663329	1.582631
1.666662	1.550467
1.669996	1.622757
1.673329	1.482317
1.676662	1.545690
1.679996	1.519895
1.683329	1.512889
1.686662	1.641227
1.689996	1.512252
1.693329	1.495374
1.696662	1.591866
1.699996	1.515118
1.703329	1.290924
1.706662	1.438370
1.709996	1.499514
1.713329	1.593459
1.716662	1.525946
1.719996	1.374042
1.723329	1.509386
1.726662	1.596325
1.729996	1.494100
1.733329	1.500788
1.736662	1.309076
1.739996	1.479451
1.743329	1.504927
1.746662	1.521806
1.749996	1.553333
1.753329	1.493781
1.756662	1.484228
1.759996	1.593140
1.763329	1.562250
1.766662	1.578810
1.769996	1.619572
1.773329	1.575625
1.776662	1.534226
1.779996	1.504927
1.783329	1.513526
1.786662	1.596643
1.789996	1.393468
1.793329	1.488049
1.796662	1.562250
1.799995	1.483909
1.803329	1.442510
1.806662	1.488686
1.809995	1.448242
1.813329	1.529767
1.816662	1.583905
1.819995	1.584542
1.823329	1.610974
1.826662	1.372768
1.829995	1.494100
1.833329	1.532633
1.836662	1.471171
1.839995	1.327865
1.843329	1.457477
1.846662	1.606834
1.849995	1.359393
1.853329	1.545372
1.856662	1.545053
1.859995	1.450790
1.863329	1.478496
1.866662	1.470216
1.869995	1.467986
1.873329	1.466713
1.876662	1.478496
1.879995	1.538365
1.883329	1.534862
1.886662	1.503017
1.889995	1.520532
1.893329	1.431045
1.896662	1.388691
1.899995	1.500788
1.903329	1.621801
1.906662	1.351431
1.909995	1.518940
1.913329	1.357163
1.916662	1.474993
1.919995	1.504609
1.923329	1.602375
1.926662	1.573714
1.929995	1.546964
1.933329	1.520850
1.936662	1.529449
1.939995	1.489323
1.943328	1.315764
1.946662	1.557473
1.949995	1.546327
1.953328	1.557154
1.956662	1.525309
1.959995	1.481999
1.963328	1.561294
1.966662	1.601738
1.969995	1.453019
1.973328	1.481680
1.976662	1.486139
1.979995	1.451427
1.983328	1.512570
1.986662	1.503972
1.989995	1.594732
1.993328	1.584223
1.996662	1.419581
1.999995	1.537092
2.003328	1.500151
2.006662	1.624030
2.009995	1.382322
2.013328	1.552378
2.016662	1.490597
2.019995	1.516073
2.023328	1.433593
2.026662	1.437733
2.029995	1.465757
2.033328	1.480406
2.036662	1.535181
2.039995	1.473082
2.043328	1.427861
2.046662	1.381685
2.049995	1.497285
2.053328	1.443147
2.056662	1.393786
2.059995	1.480088
2.063328	1.477540
2.066661	1.494737
2.069995	1.412575
2.073328	1.382958
2.076661	1.411938
2.079995	1.298886
2.083328	1.417989
2.086661	1.556518
2.089995	1.475311
2.093328	1.436459
2.096661	1.495055
2.099995	1.407798
2.103328	1.413530
2.106661	1.424676
2.109995	1.408753
2.113328	1.465757
2.116661	1.517666
2.119995	1.503335
2.123328	1.375315
2.126661	1.518940
2.129995	1.458433
2.133328	1.518303
2.136661	1.594095
2.139995	1.499832
2.143328	1.521806
2.146661	1.480406
2.149995	1.458114
2.153328	1.373723
2.156661	1.424995
2.159995	1.468305
2.163328	1.563524
2.166661	1.555881
2.169995	1.485502
2.173328	1.417033
2.176661	1.574351
2.179995	1.485820
2.183328	1.510978
2.186661	1.503654
2.189995	1.468623
2.193328	1.344744
2.196661	1.370857
2.199994	1.418944
2.203328	1.465120
2.206661	1.247614
2.209994	1.369265
2.213328	1.454293
2.216661	1.465120
2.219994	1.601738
2.223328	1.486139
2.226661	1.529767
2.229994	1.643775
2.233328	1.441236
2.236661	1.483909
2.239994	1.379455
2.243328	1.489005
2.246661	1.499832
2.249994	1.458433
2.253328	1.436778
2.256661	1.479132
2.259994	1.427542
2.263328	1.533270
2.266661	1.446650
2.269994	1.560976
2.273328	1.442510
2.276661	1.486139
2.279994	1.355890
2.283328	1.396971
2.286661	1.475948
2.289994	1.496648
2.293328	1.620846
2.296661	1.612247
2.299994	1.520213
2.303328	1.513526
2.306661	1.552378
2.309994	1.497603
2.313328	1.554925
2.316661	1.289332
2.319994	1.506201
2.323328	1.551104
2.326661	1.431364
2.329994	1.461936
2.333327	1.391875
2.336661	1.453337
2.339994	1.471489
2.343327	1.472445
2.346661	1.338056
2.349994	1.479132
2.353327	1.515755
2.356661	1.543779
2.359994	1.588682
2.363327	1.463528
2.366661	1.453974
2.369994	1.603012
2.373327	1.590592
2.376661	1.445376
2.379994	1.523398
2.383327	1.435185
2.386661	1.370539
2.389994	1.497285
2.393327	1.512570
2.396661	1.467031
2.399994	1.322452
2.403327	1.446331
2.406661	1.540595
2.409994	1.507794
2.413327	1.494100
2.416661	1.611292
2.419994	1.440918
2.423327	1.485183
2.426661	1.444102
2.429994	1.468305
2.433327	1.469579
2.436661	1.484228
2.439994	1.402384
2.443327	1.396015
2.446661	1.339648
2.449994	1.506838
2.453327	1.489960
2.456661	1.546645
2.459994	1.557473
2.463327	1.409709
2.466660	1.507475
2.469994	1.562250
2.473327	1.569893
2.476660	1.330732
2.479994	1.576580
2.483327	1.575943
2.486660	1.517666
2.489994	1.435504
2.493327	1.517984
2.496660	1.486139
2.499994	1.480406
2.503327	1.489005
2.506660	1.413212
2.509994	1.484865
2.513327	1.468942
2.516660	1.426587
2.519994	1.509386
2.523327	1.578491
2.526660	1.505883
2.529994	1.434230
2.533327	1.346017
2.536660	1.447287
2.539994	1.518303
2.543327	1.461617
2.546660	1.524353
2.549994	1.467986
2.553327	1.397607
2.556660	1.577536
2.559994	1.618935
2.563327	1.506201
2.566660	1.401429
2.569994	1.511934
2.573327	1.581676
2.576660	1.529767
2.579994	1.437733
2.583327	1.589637
2.586660	1.621483
2.589994	1.489642
2.593327	1.532315
2.596660	1.568300
2.599994	1.656195
2.603327	1.371812
2.606660	1.522761
2.609993	1.474037
2.613327	1.453019
2.616660	1.416715
2.619993	1.570848
2.623327	1.605560
2.626660	1.597280
2.629993	1.552378
2.633327	1.439325
2.636660	1.541868
2.639993	1.419581
2.643327	1.443147
2.646660	1.490278
2.649993	1.374997
2.653327	1.581039
2.656660	1.531041
2.659993	1.446650
2.663327	1.586134
2.666660	1.573077
2.669993	1.542187
2.673327	1.631036
2.676660	1.512889
2.679993	1.425313
2.683327	1.451427
2.686660	1.510341
2.689993	1.352387
2.693327	1.479132
2.696660	1.439325
2.699993	1.434230
2.703327	1.583268
2.706660	1.506838
2.709993	1.395697
2.713327	1.425950
2.716660	1.487412
2.719993	1.476266
2.723327	1.441873
2.726660	1.577854
2.729993	1.477859
2.733326	1.325636
2.736660	1.639635
2.739993	1.354297
2.743326	1.374679
2.746660	1.423084
2.749993	1.478177
2.753326	1.441555
2.756660	1.311943
2.759993	1.440599
2.763326	1.569256
2.766660	1.560021
2.769993	1.378500
2.773326	1.454293
2.776660	1.465439
2.779993	1.437733
2.783326	1.410027
2.786660	1.580083
2.789993	1.518303
2.793326	1.405569
2.796660	1.353660
2.799993	1.355890
2.803326	1.506838
2.806660	1.596962
2.809993	1.510978
2.813326	1.442191
2.816660	1.352705
2.819993	1.552059
2.823326	1.719886
2.826660	1.284555
2.829993	1.402384
2.833326	1.470216
2.836660	1.504927
2.839993	1.424358
2.843326	1.509386
2.846660	1.594414
2.849993	1.496329
2.853326	1.468942
2.856660	1.613521
2.859993	1.344744
2.863326	1.574988
2.866659	1.499195
2.869993	1.439325
2.873326	1.344107
2.876659	1.387735
2.879993	1.438688
2.883326	1.420218
2.886659	1.442191
2.889993	1.537092
2.893326	1.405569
2.896659	1.515118
2.899993	1.439962
2.903326	1.560976
2.906659	1.458433
2.909993	1.562250
2.913326	1.505883
2.916659	1.307166
2.919993	1.441236
2.923326	1.380092
2.926659	1.462254
2.929993	1.532633
2.933326	1.560976
2.936659	1.549193
2.939993	1.488368
2.943326	1.523080
2.946659	1.490915
2.949993	1.455248
2.953326	1.446013
2.956659	1.460344
2.959993	1.484865
2.963326	1.628489
2.966659	1.614477
2.969993	1.435504
2.973326	1.471808
2.976659	1.484228
2.979993	1.622438
2.983326	1.516392
2.986659	1.330732
2.989993	1.421492
2.993326	1.575625
2.996659	1.627533
2.999992	1.661290
3.003326	1.557154
3.006659	1.341559
3.009992	1.526901
3.013326	1.502698
3.016659	1.239016
3.019992	1.515437
3.023326	1.567345
3.026659	1.550785
3.029992	1.415123
3.033326	1.506201
3.036659	1.416078
3.039992	1.484865
3.043326	1.507157
3.046659	1.501424
3.049992	1.552059
3.053326	1.630081
3.056659	1.482635
3.059992	1.546645
3.063326	1.403340
3.066659	1.487412
3.069992	1.494737
3.073326	1.521806
3.076659	1.502380
3.079992	1.521806
3.083326	1.475629
3.086659	1.416715
3.089992	1.408435
3.093326	1.472763
3.096659	1.529767
3.099992	1.560976
3.103326	1.484865
3.106659	1.415760
3.109992	1.503972
3.113326	1.578491
3.116659	1.573396
3.119992	1.569256
3.123326	1.452064
3.126659	1.468942
3.129992	1.661608
3.133325	1.400792
3.136659	1.256531
3.139992	1.435185
3.143325	1.536773
3.146659	1.539639
3.149992	1.473719
3.153325	1.329458
3.156659	1.403658
3.159992	1.446650
3.163325	1.394423
3.166659	1.483909
3.169992	1.516392
3.173325	1.496648
3.176659	1.424039
3.179992	1.450471
3.183325	1.467031
3.186659	1.503654
3.189992	1.512889
3.193325	1.522124
3.196659	1.395060
3.199992	1.582631
3.203325	1.459707
3.206659	1.537092
3.209992	1.570848
3.213325	1.458114
3.216659	1.493463
3.219992	1.418307
3.223325	1.540276
3.226659	1.412256
3.229992	1.525627
3.233325	1.360985
3.236659	1.535499
3.239992	1.580402
3.243325	1.419263
3.246659	1.455248
3.249992	1.429135
3.253325	1.289014
3.256659	1.439644
3.259992	1.446650
3.263325	1.566071
3.266658	1.488368
3.269992	1.572122
3.273325	1.443784
3.276658	1.551422
3.279992	1.459388
3.283325	1.412893
3.286658	1.496011
3.289992	1.487412
3.293325	1.520850
3.296658	1.509386
3.299992	1.498240
3.303325	1.533270
3.306658	1.394741
3.309992	1.641227
3.313325	1.600465
3.316658	1.661608
3.319992	1.498240
3.323325	1.363214
3.326658	1.484228
3.329992	1.476903
3.333325	1.413849
3.336658	1.573714
3.339992	1.610655
3.343325	1.620209
3.346658	1.383277
3.349992	1.534226
3.353325	1.500788
3.356658	1.438370
3.359992	1.451108
3.363325	1.417989
3.366658	1.460980
3.369992	1.563842
3.373325	1.564160
3.376658	1.524990
3.379992	1.377545
3.383325	1.389646
3.386658	1.493781
3.389992	1.472763
3.393325	1.398244
3.396658	1.476585
3.399991	1.418626
3.403325	1.458751
3.406658	1.367354
3.409991	1.502698
3.413325	1.532633
3.416658	1.620527
3.419991	1.551104
3.423325	1.414804
3.426658	1.328821
3.429991	1.459388
3.433325	1.511615
3.436658	1.470534
3.439991	1.270543
3.443325	1.581676
3.446658	1.454611
3.449991	1.413530
3.453325	1.446331
3.456658	1.533270
3.459991	1.653965
3.463325	1.543779
3.466658	1.391238
3.469991	1.575943
3.473325	1.574033
3.476658	1.535499
3.479991	1.300797
3.483325	1.556836
3.486658	1.484546
3.489991	1.510341
3.493325	1.477859
3.496658	1.531041
3.499991	1.548238
3.503325	1.354297
3.506658	1.481680
3.509991	1.600146
3.513325	1.539639
3.516658	1.577217
3.519991	1.638998
3.523325	1.498558
3.526658	1.656513
3.529991	1.449198
3.533324	1.471171
3.536658	1.327228
3.539991	1.571803
3.543324	1.481999
3.546658	1.613840
3.549991	1.507794
3.553324	1.419263
3.556658	1.573077
3.559991	1.418307
3.563324	1.522761
3.566658	1.548875
3.569991	1.391557
3.573324	1.470853
3.576658	1.556518
3.579991	1.579128
3.583324	1.516073
3.586658	1.508431
3.589991	1.446650
3.593324	1.503972
3.596658	1.368628
3.599991	1.408435
3.603324	1.508112
3.606658	1.391238
3.609991	1.487731
3.613324	1.485183
3.616658	1.592185
3.619991	1.559702
3.623324	1.569893
3.626658	1.560657
3.629991	1.401429
3.633324	1.501743
3.636658	1.582631
3.639991	1.605241
3.643324	1.348247
3.646658	1.549830
3.649991	1.557473
3.653324	1.455248
3.656658	1.450790
3.659991	1.537729
3.663324	1.508431
3.666657	1.489323
3.669991	1.547282
3.673324	1.459070
3.676657	1.320541
3.679991	1.380411
3.683324	1.463528
3.686657	1.425632
3.689991	1.326273
3.693324	1.572759
3.696657	1.600465
3.699991	1.450153
3.703324	1.530404
3.706657	1.524990
3.709991	1.472126
3.713324	1.547282
3.716657	1.465120
3.719991	1.552696
3.723324	1.474037
3.726657	1.313853
3.729991	1.468623
3.733324	1.553333
3.736657	1.454611
3.739991	1.482317
3.743324	1.338374
3.746657	1.440281
3.749991	1.514163
3.753324	1.476585
3.756657	1.401747
3.759991	1.501424
3.763324	1.498558
3.766657	1.485183
3.769991	1.301115
3.773324	1.457796
3.776657	1.537410
3.779991	1.496648
3.783324	1.541550
3.786657	1.434548
3.789991	1.529130
3.793324	1.385506
3.796657	1.428179
3.799990	1.532952
3.803324	1.477540
3.806657	1.514800
3.809990	1.455567
3.813324	1.345062
3.816657	1.387098
3.819990	1.507157
3.823324	1.509067
3.826657	1.503017
3.829990	1.374997
3.833324	1.361303
3.836657	1.612247
3.839990	1.496329
3.843324	1.458114
3.846657	1.404295
3.849990	1.402703
3.853324	1.520213
3.856657	1.347291
3.859990	1.545053
3.863324	1.553970
3.866657	1.485820
3.869990	1.363533
3.873324	1.566390
3.876657	1.599828
3.879990	1.403977
3.883324	1.563842
3.886657	1.444421
3.889990	1.617980
3.893324	1.623393
3.896657	1.629763
3.899990	1.486775
3.903324	1.383277
3.906657	1.457796
3.909990	1.400155
3.913324	1.492508
3.916657	1.560976
3.919990	1.370220
3.923324	1.617343
3.926657	1.539639
3.929990	1.382958
3.933323	1.452701
3.936657	1.535818
3.939990	1.515118
3.943323	1.381685
3.946657	1.543779
3.949990	1.520850
3.953323	1.548556
3.956657	1.506838
3.959990	1.375315
3.963323	1.273091
3.966657	1.372449
3.969990	1.485820
3.973323	1.601101
3.976657	1.553333
3.979990	1.499832
3.983323	1.583268
3.986657	1.513526
3.989990	1.440918
3.993323	1.559702
3.996657	1.485820
3.999990	1.385188
4.003323	1.505883
4.006657	1.529449
4.009990	1.612247
4.013323	1.461617
4.016657	1.559384
4.019990	1.484865
4.023323	1.390601
4.026657	1.514800
4.029990	1.464802
4.033323	1.506520
4.036657	1.582949
4.039990	1.639635
4.043323	1.574351
4.046657	1.491552
4.049990	1.601420
4.053323	1.548238
4.056657	1.525946
4.059990	1.248888
4.063323	1.540595
4.066656	1.451745
4.069990	1.361940
4.073323	1.321496
4.076656	1.489005
4.079990	1.509386
4.083323	1.414486
4.086656	1.275957
4.089990	1.491552
4.093323	1.421173
4.096656	1.516073
4.099990	1.415760
4.103323	1.324044
4.106656	1.574033
4.109990	1.629444
4.113323	1.329458
4.116656	1.438688
4.119990	1.394104
4.123323	1.389646
4.126656	1.314809
4.129990	1.502061
4.133323	1.403340
4.136656	1.421810
4.139990	1.469260
4.143323	1.440918
4.146656	1.466394
4.149990	1.293472
4.153323	1.426587
4.156656	1.352068
4.159990	1.492826
4.163323	1.453656
4.166656	1.307484
4.169990	1.458114
4.173323	1.249843
4.176656	1.289651
4.179990	1.464165
4.183323	1.471171
4.186656	1.434230
4.189990	1.595688
4.193323	1.598872
4.196656	1.627533
4.199990	1.503654
4.203323	1.413849
4.206656	1.453974
4.209989	1.485502
4.213323	1.429135
4.216656	1.526901
4.219989	1.525627
4.223323	1.374997
4.226656	1.580083
4.229989	1.439644
4.233323	1.476585
4.236656	1.636769
4.239989	1.467350
4.243323	1.448561
4.246656	1.593459
4.249989	1.573077
4.253323	1.446013
4.256656	1.463528
4.259989	1.475629
4.263323	1.348884
4.266656	1.532315
4.269989	1.503972
4.273323	1.325636
4.276656	1.496648
4.279989	1.515118
4.283323	1.469579
4.286656	1.456840
4.289989	1.465120
4.293323	1.586134
4.296656	1.550467
4.299989	1.480088
4.303323	1.539639
4.306656	1.572440
4.309989	1.454611
4.313323	1.418307
4.316656	1.546008
4.319989	1.565434
4.323323	1.458114
4.326656	1.376589
4.329989	1.531041
4.333322	1.460025
4.336656	1.311624
4.339989	1.594095
4.343322	1.470853
4.346656	1.452064
4.349989	1.490915
4.353322	1.543779
4.356656	1.422129
4.359989	1.291561
4.363322	1.443784
4.366656	1.342196
4.369989	1.357800
4.373322	1.498558
4.376656	1.348565
4.379989	1.343470
4.383322	1.574670
4.386656	1.488686
4.389989	1.395378
4.393322	1.513207
4.396656	1.400474
4.399989	1.410664
4.403322	1.426269
4.406656	1.448879
4.409989	1.376589
4.413322	1.488049
4.416656	1.453337
4.419989	1.383277
4.423322	1.431045
4.426656	1.540595
4.429989	1.541550
4.433322	1.498240
4.436656	1.453019
4.439989	1.408117
4.443322	1.481999
4.446656	1.382640
4.449989	1.407798
4.453322	1.371812
4.456656	1.453974
4.459989	1.488368
4.463322	1.468623
4.466655	1.521169
4.469989	1.406843
4.473322	1.432638
4.476655	1.500469
4.479989	1.481999
4.483322	1.475311
4.486655	1.273091
4.489989	1.466076
4.493322	1.428816
4.496655	1.448879
4.499989	1.431682
4.503322	1.463847
4.506655	1.442510
4.509989	1.476266
4.513322	1.401111
4.516655	1.506838
4.519989	1.414804
4.523322	1.486139
4.526655	1.546008
4.529989	1.510023
4.533322	1.447287
4.536655	1.562250
4.539989	1.582949
4.543322	1.498877
4.546655	1.413530
4.549989	1.399518
4.553322	1.460025
4.556655	1.465757
4.559989	1.556518
4.563322	1.423084
4.566655	1.397926
4.569989	1.316082
4.573322	1.452382
4.576655	1.364169
4.579989	1.411938
4.583322	1.461299
4.586655	1.506838
4.589989	1.522443
4.593322	1.531678
4.596655	1.454293
4.599988	1.531359
4.603322	1.453337
4.606655	1.458114
4.609988	1.350476
4.613322	1.481362
4.616655	1.404932
4.619988	1.496648
4.623322	1.485183
4.626655	1.542505
4.629988	1.449198
4.633322	1.347610
4.636655	1.483591
4.639988	1.654602
4.643322	1.617980
4.646655	1.415441
4.649988	1.484228
4.653322	1.549511
4.656655	1.473400
4.659988	1.481999
4.663322	1.509704
4.666655	1.305255
4.669988	1.326592
4.673322	1.460344
4.676655	1.492189
4.679988	1.480406
4.683322	1.467031
4.686655	1.422766
4.689988	1.460980
4.693322	1.517029
4.696655	1.419899
4.699988	1.329139
4.703322	1.377545
4.706655	1.339330
4.709988	1.346973
4.713322	1.476903
4.716655	1.411301
4.719988	1.448242
4.723322	1.514800
4.726655	1.367991
4.729988	1.526901
4.733321	1.558110
4.736655	1.526264
4.739988	1.295701
4.743321	1.410027
4.746655	1.486457
4.749988	1.426906
4.753321	1.456522
4.756655	1.403021
4.759988	1.388054
4.763321	1.339330
4.766655	1.295701
4.769988	1.332324
4.773321	1.447924
4.776655	1.419899
4.779988	1.514163
4.783321	1.517029
4.786655	1.490915
4.789988	1.376589
4.793321	1.458751
4.796655	1.438370
4.799988	1.506520
4.803321	1.502061
4.806655	1.508112
4.809988	1.489642
4.813321	1.509386
4.816655	1.559384
4.819988	1.644730
4.823321	1.657150
4.826655	1.551104
4.829988	1.445058
4.833321	1.584223
4.836655	1.557154
4.839988	1.405250
4.843321	1.549511
4.846655	1.586452
4.849988	1.506201
4.853321	1.428179
4.856655	1.544416
4.859988	1.587089
4.863321	1.453974
4.866655	1.470853
4.869988	1.546645
4.873321	1.568619
4.876654	1.387098
4.879988	1.320859
4.883321	1.396015
4.886654	1.452064
4.889988	1.534226
4.893321	1.568619
4.896654	1.603012
4.899988	1.516710
4.903321	1.516073
4.906654	1.663201
4.909988	1.621483
4.913321	1.550148
4.916654	1.441873
4.919988	1.456204
4.923321	1.431682
4.926654	1.403340
4.929988	1.522124
4.933321	1.490597
4.936654	1.525946
4.939988	1.576262
4.943321	1.395378
4.946654	1.462891
4.949988	1.543461
4.953321	1.487412
4.956654	1.535181
4.959988	1.457477
4.963321	1.556836
4.966654	1.582631
4.969988	1.491552
4.973321	1.518303
4.976654	1.569574
4.979988	1.503017
4.983321	1.449198
4.986654	1.335190
4.989988	1.544735
4.993321	1.491871
4.996654	1.460025

