LabVIEW Measurement	
Writer_Version	2
Reader_Version	2
Separator	Tab
Decimal_Separator	.
Multi_Headings	Yes
X_Columns	One
Time_Pref	Absolute
Operator	labuser
Date	2019/05/16
Time	10:53:58.158709024999919809
***End_of_Header***	
	
Channels	1	
Samples	1500	
Date	2019/05/16	
Time	11:04:40.8769744249995478954	
Y_Unit_Label	Volts	
X_Dimension	Time	
X0	0.0000000000000000E+0	
Delta_X	0.003333	
***End_of_Header***		
X_Value	Voltage	Comment
0.000000	1.669570
0.003333	1.619572
0.006667	1.594414
0.010000	1.489642
0.013333	1.709695
0.016667	1.644412
0.020000	1.647278
0.023333	1.550785
0.026667	1.506838
0.030000	1.607152
0.033333	1.670525
0.036667	1.633266
0.040000	1.578810
0.043333	1.559384
0.046667	1.598872
0.050000	1.566708
0.053333	1.544098
0.056667	1.656831
0.060000	1.540276
0.063333	1.550785
0.066666	1.666385
0.070000	1.671799
0.073333	1.666704
0.076666	1.574988
0.080000	1.577217
0.083333	1.584542
0.086666	1.710969
0.090000	1.685811
0.093333	1.543142
0.096666	1.702371
0.100000	1.548556
0.103333	1.529449
0.106666	1.604605
0.110000	1.648870
0.113333	1.607152
0.116666	1.605241
0.120000	1.708103
0.123333	1.703326
0.126666	1.634858
0.130000	1.653647
0.133333	1.606515
0.136666	1.715428
0.140000	1.688677
0.143333	1.684856
0.146666	1.691225
0.150000	1.697912
0.153333	1.521487
0.156666	1.669888
0.160000	1.696002
0.163333	1.590592
0.166666	1.668614
0.170000	1.602057
0.173333	1.613840
0.176666	1.477222
0.180000	1.642819
0.183333	1.598235
0.186666	1.472126
0.190000	1.626260
0.193333	1.557473
0.196666	1.663201
0.199999	1.534544
0.203333	1.640909
0.206666	1.680079
0.209999	1.636450
0.213333	1.432319
0.216666	1.465439
0.219999	1.672754
0.223333	1.658424
0.226666	1.661608
0.229999	1.654602
0.233333	1.622120
0.236666	1.616069
0.239999	1.624030
0.243333	1.648870
0.246666	1.640272
0.249999	1.614795
0.253333	1.674347
0.256666	1.649189
0.259999	1.690269
0.263333	1.682626
0.266666	1.720841
0.269999	1.689314
0.273333	1.558110
0.276666	1.624349
0.279999	1.615114
0.283333	1.669251
0.286666	1.649825
0.289999	1.620209
0.293333	1.713835
0.296666	1.690269
0.299999	1.734535
0.303333	1.712561
0.306666	1.714154
0.309999	1.611292
0.313333	1.633903
0.316666	1.439325
0.319999	1.527538
0.323333	1.656195
0.326666	1.483591
0.329999	1.675620
0.333332	1.675620
0.336666	1.541550
0.339999	1.676894
0.343332	1.602375
0.346666	1.677850
0.349999	1.603968
0.353332	1.557154
0.356666	1.659698
0.359999	1.614477
0.363332	1.674984
0.366666	1.704600
0.369999	1.714472
0.373332	1.589637
0.376666	1.612884
0.379999	1.682308
0.383332	1.657468
0.386666	1.558110
0.389999	1.467350
0.393332	1.669888
0.396666	1.578810
0.399999	1.465757
0.403332	1.608744
0.406666	1.664474
0.409999	1.621483
0.413332	1.617343
0.416666	1.702052
0.419999	1.664793
0.423332	1.725618
0.426666	1.601738
0.429999	1.625623
0.433332	1.728484
0.436666	1.605560
0.439999	1.646959
0.443332	1.686766
0.446666	1.587089
0.449999	1.646004
0.453332	1.643775
0.456666	1.582631
0.459999	1.646959
0.463332	1.677531
0.466665	1.646641
0.469999	1.602057
0.473332	1.638043
0.476665	1.608108
0.479999	1.702052
0.483332	1.648233
0.486665	1.654602
0.489999	1.630081
0.493332	1.647278
0.496665	1.617980
0.499999	1.532315
0.503332	1.687085
0.506665	1.705555
0.509999	1.657468
0.513332	1.668614
0.516665	1.699823
0.519999	1.699186
0.523332	1.675302
0.526665	1.662882
0.529999	1.406206
0.533332	1.693454
0.536665	1.706192
0.539999	1.712561
0.543332	1.681671
0.546665	1.695683
0.549999	1.660334
0.553332	1.720841
0.556665	1.751732
0.559999	1.703645
0.563332	1.710651
0.566665	1.710651
0.569999	1.708740
0.573332	1.609381
0.576665	1.599509
0.579999	1.642819
0.583332	1.687085
0.586665	1.689951
0.589999	1.699823
0.593332	1.585179
0.596665	1.608744
0.599998	1.695683
0.603332	1.653965
0.606665	1.605878
0.609998	1.659379
0.613332	1.629126
0.616665	1.560339
0.619998	1.655239
0.623332	1.616069
0.626665	1.659061
0.629998	1.589319
0.633332	1.618298
0.636665	1.696002
0.639998	1.694409
0.643332	1.670207
0.646665	1.730713
0.649998	1.685174
0.653332	1.647596
0.656665	1.646959
0.659998	1.588363
0.663332	1.599828
0.666665	1.673391
0.669998	1.663201
0.673332	1.651736
0.676665	1.636769
0.679998	1.448561
0.683332	1.466394
0.686665	1.545053
0.689998	1.696320
0.693332	1.623075
0.696665	1.614795
0.699998	1.657150
0.703332	1.574033
0.706665	1.496329
0.709998	1.616387
0.713332	1.708740
0.716665	1.590274
0.719998	1.667341
0.723332	1.629126
0.726665	1.659061
0.729998	1.665430
0.733331	1.672436
0.736665	1.642182
0.739998	1.586134
0.743331	1.674347
0.746665	1.604286
0.749998	1.658105
0.753331	1.705237
0.756665	1.596643
0.759998	1.712880
0.763331	1.638998
0.766665	1.693136
0.769998	1.567664
0.773331	1.689633
0.776665	1.685811
0.779998	1.567664
0.783331	1.537092
0.786665	1.658424
0.789998	1.695683
0.793331	1.636450
0.796665	1.674028
0.799998	1.604286
0.803331	1.695046
0.806665	1.654602
0.809998	1.669251
0.813331	1.720204
0.816665	1.686130
0.819998	1.631673
0.823331	1.601101
0.826665	1.510660
0.829998	1.620846
0.833331	1.649507
0.836665	1.546964
0.839998	1.537410
0.843331	1.478177
0.846665	1.624986
0.849998	1.717657
0.853331	1.536773
0.856665	1.438370
0.859998	1.666704
0.863331	1.631036
0.866664	1.702371
0.869998	1.679123
0.873331	1.603331
0.876664	1.706511
0.879998	1.579765
0.883331	1.661927
0.886664	1.623393
0.889998	1.709058
0.893331	1.643775
0.896664	1.648870
0.899998	1.590274
0.903331	1.603012
0.906664	1.636450
0.909998	1.626578
0.913331	1.469260
0.916664	1.603649
0.919998	1.545690
0.923331	1.604605
0.926664	1.632629
0.929998	1.612247
0.933331	1.515755
0.936664	1.516710
0.939998	1.484228
0.943331	1.563524
0.946664	1.660016
0.949998	1.625304
0.953331	1.681671
0.956664	1.653965
0.959998	1.663519
0.963331	1.518621
0.966664	1.647915
0.969998	1.712561
0.973331	1.674665
0.976664	1.681034
0.979998	1.619572
0.983331	1.712561
0.986664	1.652373
0.989998	1.679123
0.993331	1.667022
0.996664	1.657150
0.999997	1.709695
1.003331	1.633584
1.006664	1.696957
1.009997	1.647278
1.013331	1.720204
1.016664	1.573396
1.019997	1.632310
1.023331	1.722752
1.026664	1.676576
1.029997	1.693772
1.033331	1.687403
1.036664	1.704600
1.039997	1.701415
1.043331	1.727529
1.046664	1.692180
1.049997	1.673391
1.053331	1.700460
1.056664	1.727210
1.059997	1.716064
1.063331	1.659698
1.066664	1.687403
1.069997	1.661290
1.073331	1.689314
1.076664	1.613840
1.079997	1.654284
1.083331	1.610974
1.086664	1.626578
1.089997	1.622120
1.093331	1.681671
1.096664	1.700142
1.099997	1.529130
1.103331	1.478814
1.106664	1.549193
1.109997	1.672436
1.113331	1.715109
1.116664	1.666067
1.119997	1.560657
1.123331	1.595051
1.126664	1.558747
1.129997	1.647278
1.133331	1.641546
1.136664	1.607152
1.139997	1.577854
1.143330	1.641864
1.146664	1.727847
1.149997	1.721797
1.153330	1.683263
1.156664	1.690588
1.159997	1.611292
1.163330	1.618935
1.166664	1.692180
1.169997	1.660334
1.173330	1.692499
1.176664	1.637087
1.179997	1.645685
1.183330	1.608108
1.186664	1.661927
1.189997	1.615114
1.193330	1.642182
1.196664	1.676576
1.199997	1.685811
1.203330	1.577536
1.206664	1.635495
1.209997	1.653647
1.213330	1.531996
1.216664	1.654921
1.219997	1.672117
1.223330	1.680716
1.226664	1.503654
1.229997	1.555881
1.233330	1.643456
1.236664	1.700460
1.239997	1.642501
1.243330	1.521169
1.246664	1.682626
1.249997	1.576899
1.253330	1.604923
1.256664	1.670525
1.259997	1.683900
1.263330	1.691225
1.266663	1.615114
1.269997	1.630400
1.273330	1.690269
1.276663	1.717975
1.279997	1.652055
1.283330	1.682308
1.286663	1.682945
1.289997	1.541868
1.293330	1.684537
1.296663	1.629763
1.299997	1.656831
1.303330	1.537729
1.306663	1.661608
1.309997	1.585497
1.313330	1.534226
1.316663	1.681990
1.319997	1.660653
1.323330	1.639635
1.326663	1.733898
1.329997	1.684856
1.333330	1.647278
1.336663	1.560021
1.339997	1.667659
1.343330	1.705237
1.346663	1.567982
1.349997	1.657468
1.353330	1.649507
1.356663	1.630400
1.359997	1.667341
1.363330	1.487731
1.366663	1.663838
1.369997	1.701097
1.373330	1.673710
1.376663	1.747592
1.379997	1.697912
1.383330	1.715428
1.386663	1.724344
1.389997	1.635495
1.393330	1.533907
1.396663	1.479451
1.399996	1.700460
1.403330	1.736127
1.406663	1.649507
1.409996	1.661608
1.413330	1.697276
1.416663	1.652055
1.419996	1.671799
1.423330	1.626578
1.426663	1.669888
1.429996	1.627533
1.433330	1.707148
1.436663	1.667341
1.439996	1.603331
1.443330	1.695365
1.446663	1.589956
1.449996	1.618298
1.453330	1.612247
1.456663	1.342833
1.459996	1.389646
1.463330	1.624030
1.466663	1.635176
1.469996	1.478177
1.473330	1.512570
1.476663	1.461617
1.479996	1.689633
1.483330	1.708103
1.486663	1.693772
1.489996	1.612247
1.493330	1.616069
1.496663	1.557473
1.499996	1.729440
1.503330	1.638361
1.506663	1.698549
1.509996	1.652692
1.513330	1.638361
1.516663	1.707466
1.519996	1.573077
1.523330	1.486139
1.526663	1.544416
1.529996	1.656831
1.533330	1.683582
1.536663	1.665430
1.539996	1.713198
1.543329	1.712880
1.546663	1.702689
1.549996	1.607152
1.553329	1.698231
1.556663	1.574988
1.559996	1.705237
1.563329	1.491234
1.566663	1.682626
1.569996	1.696957
1.573329	1.693454
1.576663	1.689951
1.579996	1.674347
1.583329	1.560021
1.586663	1.683263
1.589996	1.663838
1.593329	1.507794
1.596663	1.629763
1.599996	1.682308
1.603329	1.623712
1.606663	1.610655
1.609996	1.575625
1.613329	1.597598
1.616663	1.603012
1.619996	1.578491
1.623329	1.512570
1.626663	1.616706
1.629996	1.623393
1.633329	1.482635
1.636663	1.623075
1.639996	1.692499
1.643329	1.519895
1.646663	1.603012
1.649996	1.669888
1.653329	1.693772
1.656663	1.686766
1.659996	1.565434
1.663329	1.590592
1.666662	1.624349
1.669996	1.690269
1.673329	1.601420
1.676662	1.506201
1.679996	1.686130
1.683329	1.626260
1.686662	1.559384
1.689996	1.577536
1.693329	1.687085
1.696662	1.681671
1.699996	1.568619
1.703329	1.659061
1.706662	1.707785
1.709996	1.671799
1.713329	1.503335
1.716662	1.475629
1.719996	1.526583
1.723329	1.609700
1.726662	1.621801
1.729996	1.547282
1.733329	1.696639
1.736662	1.572122
1.739996	1.660653
1.743329	1.641227
1.746662	1.474674
1.749996	1.561613
1.753329	1.717020
1.756662	1.543779
1.759996	1.661290
1.763329	1.641227
1.766662	1.664793
1.769996	1.648870
1.773329	1.680716
1.776662	1.632629
1.779996	1.677531
1.783329	1.661608
1.786662	1.653965
1.789996	1.702371
1.793329	1.575943
1.796662	1.678168
1.799995	1.564797
1.803329	1.510660
1.806662	1.509386
1.809995	1.633584
1.813329	1.665430
1.816662	1.668614
1.819995	1.583905
1.823329	1.604605
1.826662	1.624349
1.829995	1.721797
1.833329	1.667659
1.836662	1.598554
1.839995	1.660971
1.843329	1.610655
1.846662	1.622438
1.849995	1.574351
1.853329	1.611292
1.856662	1.626260
1.859995	1.610018
1.863329	1.682308
1.866662	1.653965
1.869995	1.712561
1.873329	1.648233
1.876662	1.520532
1.879995	1.534544
1.883329	1.647278
1.886662	1.592822
1.889995	1.468623
1.893329	1.537410
1.896662	1.554607
1.899995	1.613840
1.903329	1.573077
1.906662	1.510978
1.909995	1.637724
1.913329	1.684856
1.916662	1.704282
1.919995	1.605560
1.923329	1.614477
1.926662	1.674347
1.929995	1.605241
1.933329	1.668296
1.936662	1.542824
1.939995	1.528812
1.943328	1.700142
1.946662	1.726892
1.949995	1.643775
1.953328	1.628170
1.956662	1.628170
1.959995	1.692180
1.963328	1.611292
1.966662	1.573077
1.969995	1.692180
1.973328	1.700779
1.976662	1.691225
1.979995	1.566390
1.983328	1.721160
1.986662	1.701097
1.989995	1.651736
1.993328	1.532315
1.996662	1.583905
1.999995	1.613521
2.003328	1.670207
2.006662	1.522761
2.009995	1.684537
2.013328	1.597598
2.016662	1.640272
2.019995	1.668296
2.023328	1.524353
2.026662	1.631673
2.029995	1.692180
2.033328	1.648870
2.036662	1.684856
2.039995	1.557154
2.043328	1.686448
2.046662	1.683582
2.049995	1.648233
2.053328	1.701734
2.056662	1.623075
2.059995	1.599509
2.063328	1.525946
2.066661	1.543142
2.069995	1.657787
2.073328	1.551104
2.076661	1.613840
2.079995	1.693772
2.083328	1.590274
2.086661	1.706511
2.089995	1.643138
2.093328	1.619254
2.096661	1.654921
2.099995	1.725618
2.103328	1.643456
2.106661	1.680079
2.109995	1.690269
2.113328	1.651418
2.116661	1.698231
2.119995	1.700142
2.123328	1.719568
2.126661	1.545690
2.129995	1.579128
2.133328	1.601101
2.136661	1.649825
2.139995	1.693136
2.143328	1.595051
2.146661	1.687085
2.149995	1.714791
2.153328	1.568937
2.156661	1.531678
2.159995	1.717975
2.163328	1.675939
2.166661	1.533589
2.169995	1.579128
2.173328	1.636450
2.176661	1.717338
2.179995	1.595369
2.183328	1.661927
2.186661	1.667022
2.189995	1.697594
2.193328	1.599509
2.196661	1.605560
2.199994	1.544416
2.203328	1.670844
2.206661	1.645367
2.209994	1.657150
2.213328	1.646004
2.216661	1.698549
2.219994	1.596325
2.223328	1.584860
2.226661	1.603331
2.229994	1.682626
2.233328	1.609700
2.236661	1.479132
2.239994	1.634539
2.243328	1.685174
2.246661	1.703645
2.249994	1.668614
2.253328	1.671480
2.256661	1.633903
2.259994	1.668296
2.263328	1.685811
2.266661	1.660016
2.269994	1.546008
2.273328	1.597917
2.276661	1.616069
2.279994	1.699823
2.283328	1.610974
2.286661	1.609381
2.289994	1.677850
2.293328	1.715746
2.296661	1.687403
2.299994	1.627533
2.303328	1.735809
2.306661	1.601738
2.309994	1.690906
2.313328	1.720204
2.316661	1.681353
2.319994	1.623393
2.323328	1.622120
2.326661	1.477222
2.329994	1.701097
2.333327	1.488686
2.336661	1.446968
2.339994	1.597280
2.343327	1.718294
2.346661	1.620846
2.349994	1.585816
2.353327	1.661608
2.356661	1.675939
2.359994	1.582949
2.363327	1.431364
2.366661	1.661290
2.369994	1.703008
2.373327	1.672754
2.376661	1.568619
2.379994	1.671799
2.383327	1.667659
2.386661	1.698868
2.389994	1.662882
2.393327	1.664474
2.396661	1.703008
2.399994	1.542187
2.403327	1.672436
2.406661	1.600465
2.409994	1.561931
2.413327	1.609063
2.416661	1.321815
2.419994	1.667659
2.423327	1.543142
2.426661	1.708103
2.429994	1.649507
2.433327	1.763515
2.436661	1.614795
2.439994	1.601101
2.443327	1.545372
2.446661	1.482635
2.449994	1.642819
2.453327	1.697594
2.456661	1.707148
2.459994	1.448561
2.463327	1.492826
2.466660	1.653965
2.469994	1.703326
2.473327	1.643775
2.476660	1.685174
2.479994	1.672117
2.483327	1.647915
2.486660	1.599828
2.489994	1.645049
2.493327	1.696320
2.496660	1.659698
2.499994	1.652373
2.503327	1.703963
2.506660	1.705555
2.509994	1.667659
2.513327	1.659061
2.516660	1.693454
2.519994	1.709695
2.523327	1.667977
2.526660	1.643456
2.529994	1.622438
2.533327	1.681034
2.536660	1.547601
2.539994	1.596962
2.543327	1.592822
2.546660	1.517984
2.549994	1.591229
2.553327	1.464165
2.556660	1.431364
2.559994	1.521487
2.563327	1.593459
2.566660	1.510341
2.569994	1.716701
2.573327	1.540913
2.576660	1.668933
2.579994	1.698231
2.583327	1.537410
2.586660	1.697276
2.589994	1.606515
2.593327	1.647278
2.596660	1.589319
2.599994	1.630718
2.603327	1.625623
2.606660	1.634221
2.609993	1.579128
2.613327	1.684537
2.616660	1.654284
2.619993	1.567345
2.623327	1.640272
2.626660	1.694409
2.629993	1.723071
2.633327	1.565434
2.636660	1.718612
2.639993	1.697594
2.643327	1.638679
2.646660	1.674984
2.649993	1.506201
2.653327	1.629444
2.656660	1.681353
2.659993	1.710651
2.663327	1.702689
2.666660	1.645685
2.669993	1.679123
2.673327	1.584860
2.676660	1.687403
2.679993	1.559384
2.683327	1.672754
2.686660	1.634858
2.689993	1.661290
2.693327	1.602057
2.696660	1.496011
2.699993	1.541868
2.703327	1.502698
2.706660	1.676257
2.709993	1.518303
2.713327	1.720204
2.716660	1.567027
2.719993	1.618298
2.723327	1.640272
2.726660	1.571485
2.729993	1.605560
2.733326	1.538684
2.736660	1.542505
2.739993	1.702689
2.743326	1.680716
2.746660	1.556518
2.749993	1.693136
2.753326	1.691543
2.756660	1.599191
2.759993	1.550148
2.763326	1.665430
2.766660	1.639953
2.769993	1.692180
2.773326	1.592822
2.776660	1.612884
2.779993	1.514163
2.783326	1.669251
2.786660	1.692180
2.789993	1.741541
2.793326	1.634858
2.796660	1.550148
2.799993	1.538047
2.803326	1.552059
2.806660	1.687403
2.809993	1.701097
2.813326	1.720841
2.816660	1.665111
2.819993	1.543142
2.823326	1.694409
2.826660	1.531041
2.829993	1.631673
2.833326	1.610337
2.836660	1.492508
2.839993	1.684856
2.843326	1.596006
2.846660	1.615751
2.849993	1.628489
2.853326	1.554607
2.856660	1.562250
2.859993	1.637724
2.863326	1.552059
2.866659	1.693454
2.869993	1.648552
2.873326	1.683263
2.876659	1.687085
2.879993	1.608426
2.883326	1.683263
2.886659	1.618617
2.889993	1.703963
2.893326	1.679442
2.896659	1.679760
2.899993	1.674984
2.903326	1.689633
2.906659	1.712243
2.909993	1.701734
2.913326	1.520213
2.916659	1.581357
2.919993	1.744089
2.923326	1.576262
2.926659	1.570530
2.929993	1.639953
2.933326	1.669251
2.936659	1.646959
2.939993	1.585816
2.943326	1.660016
2.946659	1.571167
2.949993	1.705237
2.953326	1.676576
2.956659	1.616069
2.959993	1.671480
2.963326	1.646004
2.966659	1.569893
2.969993	1.701415
2.973326	1.654602
2.976659	1.685811
2.979993	1.653328
2.983326	1.667977
2.986659	1.661608
2.989993	1.664156
2.993326	1.622757
2.996659	1.682308
2.999992	1.569574
3.003326	1.722115
3.006659	1.684856
3.009992	1.693136
3.013326	1.689314
3.016659	1.723389
3.019992	1.571485
3.023326	1.592503
3.026659	1.558428
3.029992	1.701097
3.033326	1.686448
3.036659	1.681671
3.039992	1.698549
3.043326	1.542824
3.046659	1.671799
3.049992	1.606515
3.053326	1.531678
3.056659	1.558747
3.059992	1.665430
3.063326	1.569574
3.066659	1.589956
3.069992	1.663838
3.073326	1.595051
3.076659	1.568300
3.079992	1.679123
3.083326	1.636450
3.086659	1.649189
3.089992	1.490278
3.093326	1.540276
3.096659	1.620846
3.099992	1.624667
3.103326	1.584542
3.106659	1.625304
3.109992	1.712561
3.113326	1.674028
3.116659	1.559384
3.119992	1.630718
3.123326	1.674028
3.126659	1.686448
3.129992	1.521487
3.133325	1.559065
3.136659	1.650144
3.139992	1.711288
3.143325	1.649507
3.146659	1.677213
3.149992	1.673391
3.153325	1.733898
3.156659	1.682626
3.159992	1.690588
3.163325	1.673073
3.166659	1.707785
3.169992	1.684856
3.173325	1.617024
3.176659	1.648870
3.179992	1.694728
3.183325	1.645685
3.186659	1.650462
3.189992	1.644730
3.193325	1.569256
3.196659	1.631036
3.199992	1.679760
3.203325	1.669251
3.206659	1.561931
3.209992	1.635813
3.213325	1.541232
3.216659	1.589637
3.219992	1.605878
3.223325	1.612247
3.226659	1.668933
3.229992	1.640590
3.233325	1.694409
3.236659	1.645049
3.239992	1.661608
3.243325	1.523398
3.246659	1.679760
3.249992	1.680716
3.253325	1.605241
3.256659	1.687085
3.259992	1.712243
3.263325	1.617343
3.266658	1.610655
3.269992	1.728166
3.273325	1.669888
3.276658	1.604605
3.279992	1.675620
3.283325	1.731032
3.286658	1.673073
3.289992	1.676894
3.293325	1.649507
3.296658	1.688040
3.299992	1.535499
3.303325	1.622120
3.306658	1.595051
3.309992	1.698549
3.313325	1.674984
3.316658	1.694091
3.319992	1.672436
3.323325	1.724663
3.326658	1.648552
3.329992	1.663838
3.333325	1.635176
3.336658	1.689951
3.339992	1.557154
3.343325	1.641546
3.346658	1.561931
3.349992	1.714472
3.353325	1.677531
3.356658	1.632629
3.359992	1.691543
3.363325	1.571167
3.366658	1.680716
3.369992	1.717338
3.373325	1.676576
3.376658	1.673391
3.379992	1.635495
3.383325	1.527538
3.386658	1.645685
3.389992	1.698231
3.393325	1.688359
3.396658	1.726255
3.399991	1.703008
3.403325	1.660971
3.406658	1.721478
3.409991	1.579765
3.413325	1.495374
3.416658	1.560657
3.419991	1.482954
3.423325	1.663838
3.426658	1.675939
3.429991	1.542187
3.433325	1.645049
3.436658	1.584860
3.439991	1.566708
3.443325	1.659379
3.446658	1.709377
3.449991	1.648233
3.453325	1.672436
3.456658	1.634858
3.459991	1.598235
3.463325	1.639316
3.466658	1.663838
3.469991	1.679760
3.473325	1.719886
3.476658	1.564479
3.479991	1.661608
3.483325	1.703326
3.486658	1.697912
3.489991	1.676894
3.493325	1.649189
3.496658	1.609381
3.499991	1.691543
3.503325	1.657468
3.506658	1.625941
3.509991	1.651418
3.513325	1.628807
3.516658	1.674347
3.519991	1.689314
3.523325	1.597917
3.526658	1.675939
3.529991	1.555881
3.533324	1.657787
3.536658	1.684219
3.539991	1.564160
3.543324	1.705555
3.546658	1.587089
3.549991	1.643138
3.553324	1.718612
3.556658	1.709058
3.559991	1.695365
3.563324	1.640590
3.566658	1.706192
3.569991	1.721160
3.573324	1.566071
3.576658	1.687722
3.579991	1.691862
3.583324	1.683900
3.586658	1.688996
3.589991	1.599509
3.593324	1.606515
3.596658	1.670844
3.599991	1.671799
3.603324	1.600146
3.606658	1.481362
3.609991	1.458114
3.613324	1.628489
3.616658	1.582313
3.619991	1.516710
3.623324	1.643775
3.626658	1.645049
3.629991	1.635176
3.633324	1.644093
3.636658	1.532633
3.639991	1.713835
3.643324	1.647278
3.646658	1.483909
3.649991	1.539321
3.653324	1.701097
3.656658	1.674665
3.659991	1.701734
3.663324	1.683263
3.666657	1.698868
3.669991	1.633584
3.673324	1.537410
3.676657	1.659379
3.679991	1.652055
3.683324	1.592503
3.686657	1.637724
3.689991	1.675939
3.693324	1.671162
3.696657	1.475948
3.699991	1.669888
3.703324	1.666067
3.706657	1.726574
3.709991	1.696320
3.713324	1.717338
3.716657	1.659698
3.719991	1.645685
3.723324	1.371176
3.726657	1.602057
3.729991	1.648870
3.733324	1.610655
3.736657	1.508431
3.739991	1.622120
3.743324	1.651736
3.746657	1.658105
3.749991	1.593777
3.753324	1.704918
3.756657	1.597917
3.759991	1.718931
3.763324	1.640909
3.766657	1.603012
3.769991	1.713517
3.773324	1.726892
3.776657	1.692180
3.779991	1.686766
3.783324	1.681034
3.786657	1.608744
3.789991	1.591548
3.793324	1.717338
3.796657	1.646322
3.799990	1.674028
3.803324	1.657787
3.806657	1.654284
3.809990	1.620846
3.813324	1.565434
3.816657	1.694091
3.819990	1.613203
3.823324	1.536773
3.826657	1.668614
3.829990	1.726892
3.833324	1.629126
3.836657	1.643138
3.839990	1.684537
3.843324	1.597917
3.846657	1.619890
3.849990	1.598872
3.853324	1.651418
3.856657	1.556518
3.859990	1.687722
3.863324	1.543779
3.866657	1.730395
3.869990	1.717975
3.873324	1.716064
3.876657	1.658105
3.879990	1.427542
3.883324	1.605560
3.886657	1.703645
3.889990	1.664474
3.893324	1.625304
3.896657	1.613521
3.899990	1.675939
3.903324	1.651099
3.906657	1.530722
3.909990	1.658424
3.913324	1.591229
3.916657	1.565116
3.919990	1.518940
3.923324	1.405569
3.926657	1.654284
3.929990	1.596325
3.933323	1.685493
3.936657	1.604605
3.939990	1.589000
3.943323	1.621483
3.946657	1.609700
3.949990	1.679123
3.953323	1.656195
3.956657	1.470216
3.959990	1.576262
3.963323	1.599191
3.966657	1.656513
3.969990	1.578810
3.973323	1.419899
3.976657	1.538365
3.979990	1.617980
3.983323	1.611611
3.986657	1.690588
3.989990	1.671162
3.993323	1.696639
3.996657	1.571803
3.999990	1.592822
4.003323	1.646004
4.006657	1.600783
4.009990	1.615751
4.013323	1.675620
4.016657	1.615114
4.019990	1.578810
4.023323	1.528175
4.026657	1.411938
4.029990	1.635495
4.033323	1.644412
4.036657	1.667341
4.039990	1.637406
4.043323	1.729440
4.046657	1.667659
4.049990	1.694409
4.053323	1.657787
4.056657	1.694728
4.059990	1.669251
4.063323	1.683582
4.066656	1.702689
4.069990	1.704600
4.073323	1.642819
4.076656	1.637406
4.079990	1.625941
4.083323	1.626260
4.086656	1.599509
4.089990	1.705874
4.093323	1.693136
4.096656	1.708422
4.099990	1.610974
4.103323	1.718294
4.106656	1.649507
4.109990	1.564160
4.113323	1.607152
4.116656	1.696639
4.119990	1.612247
4.123323	1.711925
4.126656	1.679760
4.129990	1.502380
4.133323	1.685811
4.136656	1.693136
4.139990	1.675620
4.143323	1.640909
4.146656	1.413212
4.149990	1.716383
4.153323	1.656513
4.156656	1.703645
4.159990	1.735490
4.163323	1.670207
4.166656	1.574351
4.169990	1.547282
4.173323	1.704918
4.176656	1.672117
4.179990	1.540595
4.183323	1.660971
4.186656	1.717975
4.189990	1.682626
4.193323	1.610974
4.196656	1.659061
4.199990	1.619572
4.203323	1.627852
4.206656	1.619254
4.209989	1.696002
4.213323	1.660334
4.216656	1.730395
4.219989	1.657468
4.223323	1.683900
4.226656	1.691543
4.229989	1.698549
4.233323	1.621164
4.236656	1.568300
4.239989	1.645049
4.243323	1.602375
4.246656	1.605560
4.249989	1.701734
4.253323	1.546327
4.256656	1.529767
4.259989	1.557154
4.263323	1.576899
4.266656	1.572440
4.269989	1.649189
4.273323	1.674028
4.276656	1.558428
4.279989	1.530404
4.283323	1.583905
4.286656	1.624030
4.289989	1.584223
4.293323	1.647278
4.296656	1.572440
4.299989	1.682945
4.303323	1.558428
4.306656	1.583268
4.309989	1.653965
4.313323	1.683582
4.316656	1.715746
4.319989	1.550148
4.323323	1.539639
4.326656	1.702689
4.329989	1.660971
4.333322	1.599509
4.336656	1.630718
4.339989	1.681671
4.343322	1.687403
4.346656	1.667659
4.349989	1.617980
4.353322	1.644730
4.356656	1.662564
4.359989	1.694409
4.363322	1.663519
4.366656	1.685174
4.369989	1.629444
4.373322	1.590911
4.376656	1.604605
4.379989	1.631355
4.383322	1.697276
4.386656	1.667977
4.389989	1.710014
4.393322	1.728803
4.396656	1.627533
4.399989	1.681671
4.403322	1.585816
4.406656	1.689633
4.409989	1.583905
4.413322	1.657150
4.416656	1.688677
4.419989	1.588682
4.423322	1.713517
4.426656	1.586134
4.429989	1.621164
4.433322	1.589956
4.436656	1.703645
4.439989	1.637406
4.443322	1.599191
4.446656	1.661608
4.449989	1.651099
4.453322	1.689633
4.456656	1.696320
4.459989	1.655558
4.463322	1.567345
4.466655	1.674028
4.469989	1.747273
4.473322	1.679442
4.476655	1.641227
4.479989	1.673073
4.483322	1.718931
4.486655	1.693772
4.489989	1.704918
4.493322	1.544098
4.496655	1.680079
4.499989	1.680716
4.503322	1.596325
4.506655	1.591548
4.509989	1.679442
4.513322	1.654284
4.516655	1.669888
4.519989	1.614477
4.523322	1.670525
4.526655	1.651099
4.529989	1.670844
4.533322	1.462891
4.536655	1.623393
4.539989	1.641227
4.543322	1.646959
4.546655	1.639635
4.549989	1.613521
4.553322	1.678168
4.556655	1.626578
4.559989	1.649825
4.563322	1.677850
4.566655	1.694091
4.569989	1.587408
4.573322	1.637724
4.576655	1.680079
4.579989	1.634221
4.583322	1.715109
4.586655	1.693454
4.589989	1.709058
4.593322	1.653965
4.596655	1.548556
4.599988	1.735490
4.603322	1.695683
4.606655	1.522761
4.609988	1.716701
4.613322	1.711288
4.616655	1.595688
4.619988	1.518940
4.623322	1.535499
4.626655	1.672436
4.629988	1.693136
4.633322	1.643456
4.636655	1.727847
4.639988	1.683582
4.643322	1.627852
4.646655	1.622438
4.649988	1.680397
4.653322	1.653328
4.656655	1.677531
4.659988	1.670525
4.663322	1.678805
4.666655	1.704918
4.669988	1.600465
4.673322	1.628489
4.676655	1.555244
4.679988	1.601420
4.683322	1.701734
4.686655	1.693772
4.689988	1.459388
4.693322	1.687403
4.696655	1.668614
4.699988	1.635495
4.703322	1.643775
4.706655	1.655558
4.709988	1.674665
4.713322	1.615751
4.716655	1.633584
4.719988	1.682626
4.723322	1.590911
4.726655	1.633584
4.729988	1.648233
4.733321	1.675302
4.736655	1.613840
4.739988	1.690906
4.743321	1.671162
4.746655	1.654921
4.749988	1.617024
4.753321	1.631673
4.756655	1.694728
4.759988	1.625623
4.763321	1.535818
4.766655	1.611611
4.769988	1.541550
4.773321	1.650144
4.776655	1.661608
4.779988	1.559384
4.783321	1.501424
4.786655	1.567345
4.789988	1.674984
4.793321	1.650462
4.796655	1.635495
4.799988	1.660334
4.803321	1.664156
4.806655	1.597917
4.809988	1.600465
4.813321	1.638679
4.816655	1.606515
4.819988	1.540276
4.823321	1.533907
4.826655	1.651418
4.829988	1.642182
4.833321	1.518940
4.836655	1.497285
4.839988	1.699823
4.843321	1.651736
4.846655	1.574670
4.849988	1.651736
4.853321	1.686130
4.856655	1.620846
4.859988	1.638998
4.863321	1.574988
4.866655	1.713517
4.869988	1.665430
4.873321	1.652373
4.876654	1.668296
4.879988	1.647278
4.883321	1.667977
4.886654	1.724663
4.889988	1.615114
4.893321	1.553970
4.896654	1.653328
4.899988	1.681034
4.903321	1.681671
4.906654	1.618298
4.909988	1.680397
4.913321	1.724981
4.916654	1.696957
4.919988	1.677213
4.923321	1.648870
4.926654	1.653965
4.929988	1.697594
4.933321	1.663519
4.936654	1.719249
4.939988	1.630400
4.943321	1.633584
4.946654	1.581676
4.949988	1.700460
4.953321	1.624986
4.956654	1.695365
4.959988	1.688996
4.963321	1.540913
4.966654	1.665748
4.969988	1.702052
4.973321	1.699505
4.976654	1.623075
4.979988	1.562887
4.983321	1.639316
4.986654	1.687722
4.989988	1.715428
4.993321	1.668296
4.996654	1.574351

