LabVIEW Measurement	
Writer_Version	2
Reader_Version	2
Separator	Tab
Decimal_Separator	.
Multi_Headings	Yes
X_Columns	One
Time_Pref	Absolute
Operator	labuser
Date	2019/05/16
Time	10:53:58.158709024999919809
***End_of_Header***	
	
Channels	1	
Samples	1500	
Date	2019/05/16	
Time	11:07:05.8744727249995491908	
Y_Unit_Label	Volts	
X_Dimension	Time	
X0	0.0000000000000000E+0	
Delta_X	0.003333	
***End_of_Header***		
X_Value	Voltage	Comment
0.000000	1.465120
0.003333	1.448879
0.006667	1.577536
0.010000	1.638998
0.013333	1.484228
0.016667	1.319586
0.020000	1.544098
0.023333	1.536773
0.026667	1.585179
0.030000	1.481680
0.033333	1.542824
0.036667	1.435185
0.040000	1.501424
0.043333	1.367036
0.046667	1.459388
0.050000	1.432956
0.053333	1.547601
0.056667	1.485502
0.060000	1.454293
0.063333	1.429453
0.066666	1.462891
0.070000	1.574670
0.073333	1.315127
0.076666	1.622120
0.080000	1.686130
0.083333	1.474674
0.086666	1.402384
0.090000	1.494100
0.093333	1.619572
0.096666	1.571485
0.100000	1.531041
0.103333	1.371812
0.106666	1.528493
0.110000	1.535499
0.113333	1.516710
0.116666	1.482635
0.120000	1.506520
0.123333	1.449834
0.126666	1.418944
0.130000	1.353023
0.133333	1.309076
0.136666	1.355890
0.140000	1.523716
0.143333	1.407161
0.146666	1.450471
0.150000	1.464165
0.153333	1.451427
0.156666	1.454293
0.160000	1.336464
0.163333	1.439962
0.166666	1.337738
0.170000	1.296020
0.173333	1.431682
0.176666	1.504291
0.180000	1.344744
0.183333	1.325636
0.186666	1.485820
0.190000	1.566071
0.193333	1.549193
0.196666	1.391557
0.199999	1.386780
0.203333	1.515118
0.206666	1.509704
0.209999	1.469260
0.213333	1.541550
0.216666	1.322770
0.219999	1.558428
0.223333	1.601101
0.226666	1.371176
0.229999	1.414486
0.233333	1.462254
0.236666	1.480406
0.239999	1.297930
0.243333	1.496648
0.246666	1.506838
0.249999	1.465439
0.253333	1.429453
0.256666	1.429772
0.259999	1.432319
0.263333	1.393468
0.266666	1.530404
0.269999	1.491871
0.273333	1.293790
0.276666	1.346336
0.279999	1.415441
0.283333	1.455248
0.286666	1.453974
0.289999	1.524672
0.293333	1.543142
0.296666	1.431045
0.299999	1.400792
0.303333	1.264811
0.306666	1.278505
0.309999	1.416715
0.313333	1.517347
0.316666	1.589319
0.319999	1.408117
0.323333	1.432319
0.326666	1.537410
0.329999	1.426269
0.333332	1.408435
0.336666	1.541550
0.339999	1.424039
0.343332	1.431364
0.346666	1.452701
0.349999	1.508112
0.353332	1.484228
0.356666	1.583268
0.359999	1.442828
0.363332	1.437733
0.366666	1.470853
0.369999	1.475948
0.373332	1.417989
0.376666	1.407480
0.379999	1.400792
0.383332	1.454930
0.386666	1.423721
0.389999	1.462254
0.393332	1.603649
0.396666	1.596006
0.399999	1.414804
0.403332	1.583905
0.406666	1.598554
0.409999	1.645049
0.413332	1.514163
0.416666	1.480725
0.419999	1.519258
0.423332	1.516392
0.426666	1.475948
0.429999	1.442191
0.433332	1.381048
0.436666	1.590911
0.439999	1.353660
0.443332	1.453974
0.446666	1.470534
0.449999	1.533589
0.453332	1.429772
0.456666	1.425313
0.459999	1.561931
0.463332	1.521487
0.466665	1.459070
0.469999	1.586134
0.473332	1.387098
0.476665	1.419263
0.479999	1.467986
0.483332	1.563205
0.486665	1.456522
0.489999	1.422766
0.493332	1.406206
0.496665	1.273728
0.499999	1.508431
0.503332	1.436141
0.506665	1.504927
0.509999	1.503017
0.513332	1.563842
0.516665	1.524035
0.519999	1.503017
0.523332	1.354616
0.526665	1.301115
0.529999	1.433593
0.533332	1.483591
0.536665	1.442828
0.539999	1.403658
0.543332	1.549830
0.546665	1.328821
0.549999	1.294427
0.553332	1.496648
0.556665	1.447924
0.559999	1.510978
0.563332	1.327865
0.566665	1.526901
0.569999	1.419263
0.573332	1.338374
0.576665	1.469579
0.579999	1.480725
0.583332	1.448879
0.586665	1.237742
0.589999	1.508749
0.593332	1.585179
0.596665	1.378182
0.599998	1.563524
0.603332	1.417989
0.606665	1.594095
0.609998	1.335190
0.613332	1.499832
0.616665	1.546327
0.619998	1.345381
0.623332	1.475629
0.626665	1.436459
0.629998	1.389965
0.633332	1.410346
0.636665	1.476266
0.639998	1.523080
0.643332	1.498558
0.646665	1.504609
0.649998	1.546327
0.653332	1.619890
0.656665	1.513526
0.659998	1.547282
0.663332	1.316719
0.666665	1.446968
0.669998	1.559702
0.673332	1.399518
0.676665	1.326273
0.679998	1.420536
0.683332	1.493463
0.686665	1.459707
0.689998	1.489642
0.693332	1.409072
0.696665	1.371812
0.699998	1.475629
0.703332	1.389328
0.706665	1.303663
0.709998	1.512570
0.713332	1.485820
0.716665	1.438370
0.719998	1.378500
0.723332	1.413212
0.726665	1.503335
0.729998	1.525309
0.733331	1.469260
0.736665	1.521169
0.739998	1.489960
0.743331	1.510660
0.746665	1.404295
0.749998	1.459707
0.753331	1.338693
0.756665	1.429135
0.759998	1.503654
0.763331	1.394104
0.766665	1.458114
0.769998	1.632629
0.773331	1.421492
0.776665	1.418626
0.779998	1.582631
0.783331	1.588363
0.786665	1.568619
0.789998	1.509386
0.793331	1.331687
0.796665	1.436778
0.799998	1.535181
0.803331	1.422129
0.806665	1.472126
0.809998	1.558428
0.813331	1.610974
0.816665	1.552378
0.819998	1.375315
0.823331	1.442191
0.826665	1.381685
0.829998	1.441555
0.833331	1.563842
0.836665	1.486139
0.839998	1.438370
0.843331	1.554925
0.846665	1.438688
0.849998	1.488049
0.853331	1.593777
0.856665	1.515118
0.859998	1.459070
0.863331	1.435504
0.866664	1.491234
0.869998	1.549193
0.873331	1.438688
0.876664	1.501743
0.879998	1.563205
0.883331	1.533270
0.886664	1.467350
0.889998	1.512570
0.893331	1.377226
0.896664	1.446968
0.899998	1.372768
0.903331	1.324044
0.906664	1.460980
0.909998	1.470534
0.913331	1.491871
0.916664	1.442828
0.919998	1.407798
0.923331	1.253983
0.926664	1.467986
0.929998	1.462891
0.933331	1.245385
0.936664	1.468305
0.939998	1.339011
0.943331	1.457796
0.946664	1.469897
0.949998	1.463210
0.953331	1.574988
0.956664	1.451427
0.959998	1.551422
0.963331	1.431045
0.966664	1.371494
0.969998	1.337738
0.973331	1.489642
0.976664	1.505883
0.979998	1.404932
0.983331	1.447287
0.986664	1.446013
0.989998	1.553970
0.993331	1.441873
0.996664	1.486775
0.999997	1.326910
1.003331	1.324044
1.006664	1.278505
1.009997	1.303663
1.013331	1.577217
1.016664	1.517984
1.019997	1.605878
1.023331	1.498240
1.026664	1.308121
1.029997	1.500469
1.033331	1.327547
1.036664	1.243156
1.039997	1.410346
1.043331	1.506201
1.046664	1.342514
1.049997	1.320541
1.053331	1.595051
1.056664	1.478814
1.059997	1.484546
1.063331	1.506201
1.066664	1.419263
1.069997	1.415760
1.073331	1.553970
1.076664	1.369902
1.079997	1.294109
1.083331	1.437096
1.086664	1.518303
1.089997	1.485183
1.093331	1.498877
1.096664	1.381366
1.099997	1.395378
1.103331	1.557473
1.106664	1.450471
1.109997	1.468623
1.113331	1.625941
1.116664	1.641864
1.119997	1.569893
1.123331	1.360348
1.126664	1.516710
1.129997	1.629126
1.133331	1.432956
1.136664	1.418944
1.139997	1.571167
1.143330	1.398244
1.146664	1.454611
1.149997	1.407798
1.153330	1.387735
1.156664	1.474356
1.159997	1.615751
1.163330	1.484546
1.166664	1.523716
1.169997	1.509704
1.173330	1.531359
1.176664	1.520213
1.179997	1.379774
1.183330	1.446968
1.186664	1.499195
1.189997	1.506201
1.193330	1.398244
1.196664	1.467668
1.199997	1.399518
1.203330	1.465439
1.206664	1.353660
1.209997	1.563205
1.213330	1.635495
1.216664	1.509067
1.219997	1.416396
1.223330	1.440599
1.226664	1.559702
1.229997	1.429772
1.233330	1.460980
1.236664	1.467668
1.239997	1.571485
1.243330	1.464802
1.246664	1.438052
1.249997	1.538365
1.253330	1.418944
1.256664	1.478177
1.259997	1.571803
1.263330	1.489960
1.266663	1.358756
1.269997	1.504291
1.273330	1.358756
1.276663	1.511297
1.279997	1.538365
1.283330	1.390601
1.286663	1.338693
1.289997	1.408117
1.293330	1.547919
1.296663	1.411301
1.299997	1.449198
1.303330	1.442191
1.306663	1.353979
1.309997	1.585497
1.313330	1.486139
1.316663	1.516392
1.319997	1.533270
1.323330	1.500788
1.326663	1.467668
1.329997	1.539639
1.333330	1.403977
1.336663	1.437096
1.339997	1.448879
1.343330	1.627852
1.346663	1.494100
1.349997	1.436778
1.353330	1.453656
1.356663	1.411938
1.359997	1.464802
1.363330	1.552059
1.366663	1.567027
1.369997	1.524035
1.373330	1.398881
1.376663	1.376271
1.379997	1.484865
1.383330	1.622120
1.386663	1.296975
1.389997	1.477859
1.393330	1.502380
1.396663	1.492189
1.399996	1.389009
1.403330	1.283918
1.406663	1.517029
1.409996	1.539002
1.413330	1.499195
1.416663	1.615432
1.419996	1.348247
1.423330	1.443784
1.426663	1.527856
1.429996	1.436141
1.433330	1.243793
1.436663	1.458751
1.439996	1.543779
1.443330	1.434230
1.446663	1.395697
1.449996	1.301752
1.453330	1.419581
1.456663	1.457477
1.459996	1.501424
1.463330	1.431364
1.466663	1.517666
1.469996	1.346654
1.473330	1.527219
1.476663	1.555562
1.479996	1.523398
1.483330	1.471171
1.486663	1.602375
1.489996	1.485820
1.493330	1.448242
1.496663	1.516710
1.499996	1.446650
1.503330	1.417033
1.506663	1.383595
1.509996	1.427224
1.513330	1.517984
1.516663	1.535499
1.519996	1.410664
1.523330	1.394423
1.526663	1.568619
1.529996	1.536455
1.533330	1.220545
1.536663	1.270543
1.539996	1.412256
1.543329	1.555244
1.546663	1.618935
1.549996	1.246340
1.553329	1.506201
1.556663	1.497285
1.559996	1.535499
1.563329	1.560339
1.566663	1.491552
1.569996	1.501106
1.573329	1.444102
1.576663	1.490278
1.579996	1.413212
1.583329	1.596962
1.586663	1.537092
1.589996	1.382003
1.593329	1.462891
1.596663	1.564479
1.599996	1.480725
1.603329	1.486457
1.606663	1.484228
1.609996	1.434230
1.613329	1.481362
1.616663	1.426269
1.619996	1.378500
1.623329	1.484546
1.626663	1.580720
1.629996	1.428498
1.633329	1.420855
1.636663	1.418944
1.639996	1.277549
1.643329	1.468623
1.646663	1.503335
1.649996	1.599191
1.653329	1.576899
1.656663	1.494737
1.659996	1.504291
1.663329	1.504291
1.666662	1.405250
1.669996	1.470534
1.673329	1.539639
1.676662	1.364488
1.679996	1.496011
1.683329	1.503654
1.686662	1.508749
1.689996	1.463528
1.693329	1.375952
1.696662	1.483591
1.699996	1.346017
1.703329	1.385825
1.706662	1.317993
1.709996	1.439007
1.713329	1.435822
1.716662	1.530404
1.719996	1.398563
1.723329	1.638679
1.726662	1.446331
1.729996	1.538684
1.733329	1.434230
1.736662	1.504609
1.739996	1.556836
1.743329	1.392831
1.746662	1.638998
1.749996	1.500788
1.753329	1.581357
1.756662	1.389009
1.759996	1.331050
1.763329	1.343151
1.766662	1.434867
1.769996	1.486457
1.773329	1.426906
1.776662	1.560339
1.779996	1.439962
1.783329	1.613203
1.786662	1.448242
1.789996	1.499195
1.793329	1.623075
1.796662	1.454611
1.799995	1.395697
1.803329	1.504927
1.806662	1.547919
1.809995	1.489642
1.813329	1.363851
1.816662	1.465120
1.819995	1.618935
1.823329	1.532633
1.826662	1.409072
1.829995	1.459388
1.833329	1.456204
1.836662	1.553651
1.839995	1.336464
1.843329	1.358437
1.846662	1.443465
1.849995	1.359074
1.853329	1.385825
1.856662	1.333598
1.859995	1.550467
1.863329	1.512570
1.866662	1.361940
1.869995	1.407161
1.873329	1.490915
1.876662	1.329776
1.879995	1.383595
1.883329	1.501424
1.886662	1.340922
1.889995	1.401429
1.893329	1.449198
1.896662	1.353660
1.899995	1.389009
1.903329	1.485820
1.906662	1.531041
1.909995	1.332642
1.913329	1.376271
1.916662	1.551422
1.919995	1.386143
1.923329	1.569256
1.926662	1.560657
1.929995	1.558747
1.933329	1.456840
1.936662	1.390920
1.939995	1.368309
1.943328	1.257805
1.946662	1.304936
1.949995	1.443147
1.953328	1.462891
1.956662	1.448561
1.959995	1.459388
1.963328	1.509067
1.966662	1.631673
1.969995	1.514481
1.973328	1.538047
1.976662	1.542187
1.979995	1.388691
1.983328	1.471489
1.986662	1.433593
1.989995	1.506838
1.993328	1.502061
1.996662	1.567664
1.999995	1.495374
2.003328	1.449516
2.006662	1.537729
2.009995	1.359074
2.013328	1.499195
2.016662	1.693136
2.019995	1.545053
2.023328	1.504291
2.026662	1.561931
2.029995	1.516392
2.033328	1.584542
2.036662	1.467350
2.039995	1.493781
2.043328	1.460344
2.046662	1.361940
2.049995	1.312261
2.053328	1.337419
2.056662	1.477222
2.059995	1.402384
2.063328	1.528493
2.066661	1.498877
2.069995	1.575625
2.073328	1.407161
2.076661	1.448879
2.079995	1.513207
2.083328	1.375634
2.086661	1.437415
2.089995	1.501424
2.093328	1.374997
2.096661	1.231373
2.099995	1.498558
2.103328	1.474674
2.106661	1.293790
2.109995	1.552696
2.113328	1.528493
2.116661	1.480406
2.119995	1.409390
2.123328	1.467668
2.126661	1.358756
2.129995	1.301752
2.133328	1.486457
2.136661	1.491552
2.139995	1.574670
2.143328	1.440918
2.146661	1.383914
2.149995	1.424039
2.153328	1.377545
2.156661	1.340285
2.159995	1.257168
2.163328	1.424039
2.166661	1.396971
2.169995	1.521169
2.173328	1.486457
2.176661	1.535499
2.179995	1.525309
2.183328	1.478814
2.186661	1.394423
2.189995	1.496966
2.193328	1.403340
2.196661	1.595369
2.199994	1.376589
2.203328	1.356208
2.206661	1.585179
2.209994	1.589319
2.213328	1.633584
2.216661	1.325318
2.219994	1.641227
2.223328	1.373723
2.226661	1.382003
2.229994	1.440599
2.233328	1.450471
2.236661	1.354297
2.239994	1.394741
2.243328	1.426269
2.246661	1.303026
2.249994	1.263537
2.253328	1.449516
2.256661	1.443147
2.259994	1.343470
2.263328	1.412575
2.266661	1.455248
2.269994	1.390601
2.273328	1.455885
2.276661	1.370539
2.279994	1.411938
2.283328	1.577854
2.286661	1.456840
2.289994	1.319267
2.293328	1.579128
2.296661	1.468305
2.299994	1.512252
2.303328	1.509704
2.306661	1.437733
2.309994	1.571803
2.313328	1.582631
2.316661	1.377226
2.319994	1.442191
2.323328	1.414804
2.326661	1.544735
2.329994	1.416715
2.333327	1.520213
2.336661	1.522124
2.339994	1.424676
2.343327	1.389328
2.346661	1.503335
2.349994	1.498877
2.353327	1.532633
2.356661	1.304618
2.359994	1.469579
2.363327	1.479769
2.366661	1.586452
2.369994	1.574033
2.373327	1.549511
2.376661	1.504291
2.379994	1.445058
2.383327	1.520532
2.386661	1.388372
2.389994	1.497603
2.393327	1.559702
2.396661	1.486139
2.399994	1.399518
2.403327	1.555881
2.406661	1.354616
2.409994	1.429772
2.413327	1.466713
2.416661	1.432638
2.419994	1.475311
2.423327	1.487731
2.426661	1.529449
2.429994	1.529767
2.433327	1.527856
2.436661	1.467986
2.439994	1.398881
2.443327	1.565753
2.446661	1.387098
2.449994	1.421173
2.453327	1.385188
2.456661	1.308758
2.459994	1.322133
2.463327	1.343788
2.466660	1.379137
2.469994	1.395378
2.473327	1.534226
2.476660	1.608744
2.479994	1.509704
2.483327	1.480088
2.486660	1.543461
2.489994	1.554925
2.493327	1.678805
2.496660	1.449198
2.499994	1.534862
2.503327	1.551104
2.506660	1.615751
2.509994	1.435185
2.513327	1.394104
2.516660	1.586771
2.519994	1.476585
2.523327	1.431364
2.526660	1.454611
2.529994	1.581039
2.533327	1.412893
2.536660	1.341877
2.539994	1.511297
2.543327	1.538684
2.546660	1.469260
2.549994	1.454611
2.553327	1.326910
2.556660	1.510023
2.559994	1.485820
2.563327	1.517029
2.566660	1.547601
2.569994	1.481999
2.573327	1.346654
2.576660	1.452064
2.579994	1.407161
2.583327	1.469260
2.586660	1.580083
2.589994	1.354934
2.593327	1.455248
2.596660	1.520850
2.599994	1.489642
2.603327	1.457159
2.606660	1.500151
2.609993	1.509067
2.613327	1.438052
2.616660	1.448879
2.619993	1.451427
2.623327	1.432319
2.626660	1.433912
2.629993	1.487731
2.633327	1.369265
2.636660	1.522124
2.639993	1.282008
2.643327	1.404295
2.646660	1.344744
2.649993	1.554607
2.653327	1.578173
2.656660	1.546008
2.659993	1.509067
2.663327	1.365762
2.666660	1.511297
2.669993	1.604923
2.673327	1.566390
2.676660	1.276275
2.679993	1.332005
2.683327	1.310350
2.686660	1.597598
2.689993	1.523716
2.693327	1.410346
2.696660	1.559065
2.699993	1.597598
2.703327	1.500151
2.706660	1.336464
2.709993	1.506201
2.713327	1.484228
2.716660	1.400155
2.719993	1.486139
2.723327	1.509386
2.726660	1.545372
2.729993	1.483272
2.733326	1.369583
2.736660	1.468305
2.739993	1.400474
2.743326	1.467668
2.746660	1.543142
2.749993	1.553651
2.753326	1.413530
2.756660	1.493145
2.759993	1.540913
2.763326	1.542505
2.766660	1.489642
2.769993	1.347291
2.773326	1.529449
2.776660	1.374042
2.779993	1.493145
2.783326	1.299841
2.786660	1.407798
2.789993	1.438052
2.793326	1.398881
2.796660	1.402066
2.799993	1.467986
2.803326	1.455885
2.806660	1.395378
2.809993	1.285829
2.813326	1.368309
2.816660	1.300478
2.819993	1.325636
2.823326	1.394104
2.826660	1.460662
2.829993	1.477540
2.833326	1.553970
2.836660	1.518303
2.839993	1.374679
2.843326	1.553970
2.846660	1.557791
2.849993	1.400155
2.853326	1.400474
2.856660	1.432319
2.859993	1.336782
2.863326	1.298886
2.866659	1.374679
2.869993	1.528812
2.873326	1.331368
2.876659	1.352068
2.879993	1.415760
2.883326	1.497603
2.886659	1.478496
2.889993	1.498877
2.893326	1.453337
2.896659	1.391238
2.899993	1.538365
2.903326	1.646641
2.906659	1.444739
2.909993	1.464483
2.913326	1.405569
2.916659	1.414804
2.919993	1.459388
2.923326	1.388691
2.926659	1.301433
2.929993	1.380411
2.933326	1.449198
2.936659	1.583905
2.939993	1.469260
2.943326	1.310669
2.946659	1.386461
2.949993	1.532315
2.953326	1.453974
2.956659	1.322133
2.959993	1.413530
2.963326	1.403658
2.966659	1.474356
2.969993	1.439644
2.973326	1.516073
2.976659	1.433275
2.979993	1.356208
2.983326	1.374042
2.986659	1.463847
2.989993	1.416078
2.993326	1.433275
2.996659	1.481362
2.999992	1.515755
3.003326	1.340604
3.006659	1.570848
3.009992	1.480406
3.013326	1.334553
3.016659	1.402703
3.019992	1.475629
3.023326	1.415760
3.026659	1.266403
3.029992	1.469260
3.033326	1.554607
3.036659	1.439644
3.039992	1.467031
3.043326	1.539002
3.046659	1.410027
3.049992	1.595369
3.053326	1.552696
3.056659	1.524672
3.059992	1.524672
3.063326	1.477859
3.066659	1.468305
3.069992	1.598235
3.073326	1.473082
3.076659	1.478177
3.079992	1.562568
3.083326	1.413212
3.086659	1.398244
3.089992	1.654921
3.093326	1.489005
3.096659	1.357482
3.099992	1.479451
3.103326	1.485820
3.106659	1.475311
3.109992	1.241245
3.113326	1.446650
3.116659	1.534226
3.119992	1.458751
3.123326	1.546964
3.126659	1.524990
3.129992	1.439644
3.133325	1.340922
3.136659	1.471808
3.139992	1.590592
3.143325	1.591866
3.146659	1.546645
3.149992	1.680079
3.153325	1.570211
3.156659	1.396015
3.159992	1.354934
3.163325	1.354616
3.166659	1.347928
3.169992	1.524672
3.173325	1.458751
3.176659	1.558428
3.179992	1.602694
3.183325	1.603649
3.186659	1.486457
3.189992	1.483909
3.193325	1.502380
3.196659	1.487731
3.199992	1.430727
3.203325	1.417670
3.206659	1.451427
3.209992	1.545053
3.213325	1.562568
3.216659	1.294746
3.219992	1.489642
3.223325	1.580720
3.226659	1.576899
3.229992	1.544735
3.233325	1.323089
3.236659	1.459070
3.239992	1.622120
3.243325	1.616706
3.246659	1.504609
3.249992	1.414486
3.253325	1.533589
3.256659	1.532952
3.259992	1.525627
3.263325	1.352387
3.266658	1.470534
3.269992	1.445376
3.273325	1.440599
3.276658	1.364806
3.279992	1.473719
3.283325	1.502380
3.286658	1.508431
3.289992	1.382640
3.293325	1.513844
3.296658	1.600146
3.299992	1.469897
3.303325	1.353660
3.306658	1.428179
3.309992	1.510341
3.313325	1.409709
3.316658	1.542187
3.319992	1.515755
3.323325	1.528812
3.326658	1.506520
3.329992	1.428816
3.333325	1.353342
3.336658	1.374360
3.339992	1.421173
3.343325	1.291561
3.346658	1.366080
3.349992	1.461299
3.353325	1.489960
3.356658	1.436459
3.359992	1.531359
3.363325	1.359711
3.366658	1.424039
3.369992	1.647596
3.373325	1.498240
3.376658	1.255576
3.379992	1.501106
3.383325	1.419899
3.386658	1.496329
3.389992	1.383595
3.393325	1.508749
3.396658	1.619890
3.399991	1.436778
3.403325	1.355253
3.406658	1.360030
3.409991	1.508749
3.413325	1.524035
3.416658	1.425950
3.419991	1.378182
3.423325	1.470534
3.426658	1.419581
3.429991	1.545372
3.433325	1.453974
3.436658	1.439962
3.439991	1.287421
3.443325	1.511934
3.446658	1.387735
3.449991	1.408435
3.453325	1.460344
3.456658	1.343151
3.459991	1.564797
3.463325	1.518303
3.466658	1.530404
3.469991	1.589956
3.473325	1.571485
3.476658	1.541868
3.479991	1.528175
3.483325	1.427224
3.486658	1.531678
3.489991	1.580402
3.493325	1.619254
3.496658	1.467668
3.499991	1.503654
3.503325	1.587726
3.506658	1.519258
3.509991	1.354934
3.513325	1.531996
3.516658	1.659379
3.519991	1.421810
3.523325	1.328184
3.526658	1.448242
3.529991	1.524672
3.533324	1.575306
3.536658	1.402384
3.539991	1.488049
3.543324	1.507475
3.546658	1.449198
3.549991	1.449198
3.553324	1.516710
3.556658	1.523716
3.559991	1.416078
3.563324	1.388372
3.566658	1.558428
3.569991	1.512889
3.573324	1.461617
3.576658	1.350476
3.579991	1.505246
3.583324	1.624030
3.586658	1.480406
3.589991	1.283281
3.593324	1.442191
3.596658	1.437096
3.599991	1.467350
3.603324	1.546964
3.606658	1.391238
3.609991	1.594095
3.613324	1.509386
3.616658	1.248251
3.619991	1.311943
3.623324	1.514163
3.626658	1.546327
3.629991	1.523398
3.633324	1.478177
3.636658	1.566390
3.639991	1.499195
3.643324	1.450471
3.646658	1.379774
3.649991	1.447287
3.653324	1.563524
3.656658	1.481680
3.659991	1.526901
3.663324	1.349520
3.666657	1.496648
3.669991	1.469579
3.673324	1.363851
3.676657	1.391557
3.679991	1.367036
3.683324	1.410346
3.686657	1.280097
3.689991	1.405887
3.693324	1.424039
3.696657	1.357482
3.699991	1.458433
3.703324	1.465757
3.706657	1.453974
3.709991	1.263537
3.713324	1.505883
3.716657	1.576580
3.719991	1.426269
3.723324	1.364806
3.726657	1.534226
3.729991	1.488686
3.733324	1.531996
3.736657	1.495374
3.739991	1.318630
3.743324	1.437096
3.746657	1.488686
3.749991	1.476903
3.753324	1.284555
3.756657	1.335190
3.759991	1.520532
3.763324	1.449198
3.766657	1.284237
3.769991	1.453974
3.773324	1.398244
3.776657	1.432319
3.779991	1.481680
3.783324	1.430409
3.786657	1.539639
3.789991	1.465120
3.793324	1.524035
3.796657	1.464802
3.799990	1.474356
3.803324	1.530404
3.806657	1.592185
3.809990	1.447287
3.813324	1.605560
3.816657	1.307484
3.819990	1.603968
3.823324	1.410664
3.826657	1.391557
3.829990	1.617980
3.833324	1.513844
3.836657	1.587408
3.839990	1.376908
3.843324	1.511297
3.846657	1.588682
3.849990	1.467668
3.853324	1.531041
3.856657	1.587089
3.859990	1.558747
3.863324	1.451427
3.866657	1.452064
3.869990	1.484228
3.873324	1.624986
3.876657	1.470216
3.879990	1.366399
3.883324	1.579765
3.886657	1.516710
3.889990	1.471808
3.893324	1.518303
3.896657	1.464802
3.899990	1.509386
3.903324	1.374997
3.906657	1.494418
3.909990	1.522124
3.913324	1.562568
3.916657	1.575943
3.919990	1.349520
3.923324	1.393786
3.926657	1.611611
3.929990	1.524990
3.933323	1.372768
3.936657	1.474356
3.939990	1.580083
3.943323	1.334553
3.946657	1.458751
3.949990	1.417033
3.953323	1.311624
3.956657	1.465757
3.959990	1.393786
3.963323	1.437096
3.966657	1.456840
3.969990	1.463210
3.973323	1.299523
3.976657	1.530722
3.979990	1.414486
3.983323	1.465120
3.986657	1.553333
3.989990	1.685811
3.993323	1.525309
3.996657	1.387098
3.999990	1.522124
4.003323	1.408117
4.006657	1.324362
4.009990	1.348884
4.013323	1.449516
4.016657	1.470534
4.019990	1.542187
4.023323	1.431682
4.026657	1.539958
4.029990	1.450471
4.033323	1.608744
4.036657	1.338374
4.039990	1.482317
4.043323	1.513844
4.046657	1.389009
4.049990	1.406843
4.053323	1.372131
4.056657	1.525627
4.059990	1.341241
4.063323	1.479769
4.066656	1.494100
4.069990	1.480725
4.073323	1.373405
4.076656	1.379137
4.079990	1.467350
4.083323	1.363533
4.086656	1.400155
4.089990	1.415441
4.093323	1.599191
4.096656	1.525946
4.099990	1.417033
4.103323	1.508112
4.106656	1.540595
4.109990	1.664156
4.113323	1.603012
4.116656	1.312579
4.119990	1.424676
4.123323	1.555244
4.126656	1.508749
4.129990	1.380411
4.133323	1.505246
4.136656	1.584860
4.139990	1.543779
4.143323	1.417989
4.146656	1.386461
4.149990	1.432319
4.153323	1.424995
4.156656	1.265129
4.159990	1.364806
4.163323	1.546645
4.166656	1.420218
4.169990	1.526583
4.173323	1.546964
4.176656	1.390283
4.179990	1.426269
4.183323	1.488049
4.186656	1.450471
4.189990	1.573714
4.193323	1.508431
4.196656	1.580720
4.199990	1.450790
4.203323	1.432956
4.206656	1.557791
4.209989	1.411301
4.213323	1.449198
4.216656	1.555881
4.219989	1.539002
4.223323	1.504609
4.226656	1.435504
4.229989	1.579128
4.233323	1.453019
4.236656	1.383595
4.239989	1.383277
4.243323	1.498558
4.246656	1.555244
4.249989	1.574351
4.253323	1.335827
4.256656	1.353660
4.259989	1.450153
4.263323	1.501424
4.266656	1.531996
4.269989	1.322770
4.273323	1.387735
4.276656	1.467668
4.279989	1.576262
4.283323	1.464483
4.286656	1.461617
4.289989	1.503017
4.293323	1.545053
4.296656	1.529767
4.299989	1.426269
4.303323	1.418307
4.306656	1.499832
4.309989	1.352705
4.313323	1.428179
4.316656	1.477222
4.319989	1.499195
4.323323	1.523080
4.326656	1.605878
4.329989	1.479769
4.333322	1.345381
4.336656	1.371176
4.339989	1.508749
4.343322	1.335190
4.346656	1.501424
4.349989	1.573077
4.353322	1.474356
4.356656	1.443465
4.359989	1.585816
4.363322	1.420855
4.366656	1.402384
4.369989	1.471171
4.373322	1.290924
4.376656	1.461617
4.379989	1.509704
4.383322	1.422447
4.386656	1.352387
4.389989	1.609381
4.393322	1.521487
4.396656	1.571485
4.399989	1.495055
4.403322	1.268632
4.406656	1.360666
4.409989	1.303344
4.413322	1.510341
4.416656	1.573077
4.419989	1.470534
4.423322	1.352387
4.426656	1.452064
4.429989	1.428816
4.433322	1.456840
4.436656	1.299523
4.439989	1.496329
4.443322	1.560021
4.446656	1.450790
4.449989	1.463847
4.453322	1.403021
4.456656	1.425950
4.459989	1.506201
4.463322	1.278505
4.466655	1.323407
4.469989	1.410664
4.473322	1.367991
4.476655	1.396334
4.479989	1.452064
4.483322	1.448879
4.486655	1.493145
4.489989	1.382322
4.493322	1.492508
4.496655	1.520213
4.499989	1.563842
4.503322	1.482317
4.506655	1.469897
4.509989	1.588682
4.513322	1.420218
4.516655	1.458433
4.519989	1.575625
4.523322	1.545053
4.526655	1.462573
4.529989	1.446650
4.533322	1.494100
4.536655	1.443147
4.539989	1.261626
4.543322	1.392831
4.546655	1.494737
4.549989	1.480088
4.553322	1.346973
4.556655	1.624030
4.559989	1.545372
4.563322	1.369902
4.566655	1.520850
4.569989	1.413849
4.573322	1.409072
4.576655	1.312261
4.579989	1.327547
4.583322	1.397926
4.586655	1.417989
4.589989	1.290924
4.593322	1.360985
4.596655	1.476903
4.599988	1.450471
4.603322	1.370539
4.606655	1.467986
4.609988	1.462254
4.613322	1.543779
4.616655	1.407161
4.619988	1.288377
4.623322	1.510660
4.626655	1.458433
4.629988	1.464802
4.633322	1.307803
4.636655	1.476903
4.639988	1.526901
4.643322	1.355571
4.646655	1.519258
4.649988	1.389965
4.653322	1.381048
4.656655	1.400474
4.659988	1.506201
4.663322	1.284874
4.666655	1.468623
4.669988	1.451108
4.673322	1.317993
4.676655	1.377226
4.679988	1.489005
4.683322	1.425313
4.686655	1.498877
4.689988	1.461617
4.693322	1.476903
4.696655	1.372449
4.699988	1.557154
4.703322	1.594414
4.706655	1.521806
4.709988	1.332005
4.713322	1.293790
4.716655	1.559065
4.719988	1.594095
4.723322	1.509386
4.726655	1.543779
4.729988	1.525627
4.733321	1.548556
4.736655	1.570530
4.739988	1.539002
4.743321	1.516392
4.746655	1.544416
4.749988	1.497921
4.753321	1.382640
4.756655	1.522443
4.759988	1.343151
4.763321	1.397926
4.766655	1.369583
4.769988	1.489642
4.773321	1.467986
4.776655	1.491234
4.779988	1.575625
4.783321	1.405250
4.786655	1.465439
4.789988	1.384551
4.793321	1.428498
4.796655	1.460025
4.799988	1.382003
4.803321	1.468623
4.806655	1.458751
4.809988	1.314809
4.813321	1.453019
4.816655	1.506201
4.819988	1.421173
4.823321	1.483272
4.826655	1.565434
4.829988	1.547919
4.833321	1.506201
4.836655	1.486457
4.839988	1.359074
4.843321	1.458751
4.846655	1.476903
4.849988	1.416396
4.853321	1.381685
4.856655	1.398881
4.859988	1.500151
4.863321	1.454293
4.866655	1.520213
4.869988	1.558110
4.873321	1.448242
4.876654	1.478177
4.879988	1.553651
4.883321	1.570211
4.886654	1.438688
4.889988	1.495374
4.893321	1.549511
4.896654	1.470853
4.899988	1.517666
4.903321	1.531359
4.906654	1.403340
4.909988	1.418307
4.913321	1.480406
4.916654	1.512570
4.919988	1.562568
4.923321	1.364169
4.926654	1.466076
4.929988	1.486139
4.933321	1.263856
4.936654	1.498558
4.939988	1.526901
4.943321	1.531678
4.946654	1.388372
4.949988	1.416078
4.953321	1.475629
4.956654	1.574033
4.959988	1.535818
4.963321	1.450790
4.966654	1.466713
4.969988	1.434867
4.973321	1.567345
4.976654	1.354297
4.979988	1.393149
4.983321	1.420218
4.986654	1.611929
4.989988	1.424039
4.993321	1.462891
4.996654	1.425950

