LabVIEW Measurement	
Writer_Version	2
Reader_Version	2
Separator	Tab
Decimal_Separator	.
Multi_Headings	Yes
X_Columns	One
Time_Pref	Absolute
Operator	labuser
Date	2019/05/16
Time	10:53:58.158709024999919809
***End_of_Header***	
	
Channels	1	
Samples	1500	
Date	2019/05/16	
Time	11:03:53.1632035249999174818	
Y_Unit_Label	Volts	
X_Dimension	Time	
X0	0.0000000000000000E+0	
Delta_X	0.003333	
***End_of_Header***		
X_Value	Voltage	Comment
0.000000	1.720841
0.003333	1.732624
0.006667	1.708422
0.010000	1.721478
0.013333	1.716064
0.016667	1.701415
0.020000	1.722434
0.023333	1.717338
0.026667	1.715109
0.030000	1.713835
0.033333	1.708740
0.036667	1.717338
0.040000	1.722115
0.043333	1.730077
0.046667	1.720841
0.050000	1.702052
0.053333	1.731032
0.056667	1.732943
0.060000	1.722115
0.063333	1.713198
0.066666	1.724026
0.070000	1.699186
0.073333	1.720204
0.076666	1.724344
0.080000	1.707466
0.083333	1.712561
0.086666	1.729121
0.090000	1.731987
0.093333	1.717657
0.096666	1.710969
0.100000	1.713835
0.103333	1.695046
0.106666	1.700142
0.110000	1.723389
0.113333	1.716383
0.116666	1.712561
0.120000	1.710014
0.123333	1.726574
0.126666	1.715746
0.130000	1.711925
0.133333	1.722115
0.136666	1.714154
0.140000	1.703645
0.143333	1.717975
0.146666	1.718931
0.150000	1.705874
0.153333	1.725300
0.156666	1.623075
0.160000	1.688359
0.163333	1.705555
0.166666	1.732943
0.170000	1.694091
0.173333	1.700460
0.176666	1.714791
0.180000	1.742178
0.183333	1.727210
0.186666	1.688996
0.190000	1.690906
0.193333	1.719886
0.196666	1.731032
0.199999	1.693454
0.203333	1.715109
0.206666	1.729758
0.209999	1.717338
0.213333	1.705237
0.216666	1.709377
0.219999	1.727529
0.223333	1.720204
0.226666	1.713198
0.229999	1.699186
0.233333	1.714154
0.236666	1.726255
0.239999	1.733580
0.243333	1.689314
0.246666	1.702052
0.249999	1.734853
0.253333	1.703326
0.256666	1.703645
0.259999	1.723071
0.263333	1.710969
0.266666	1.719568
0.269999	1.713198
0.273333	1.697912
0.276666	1.715109
0.279999	1.702689
0.283333	1.727210
0.286666	1.735490
0.289999	1.725300
0.293333	1.688996
0.296666	1.718612
0.299999	1.734853
0.303333	1.705555
0.306666	1.711288
0.309999	1.715428
0.313333	1.714791
0.316666	1.728166
0.319999	1.701734
0.323333	1.706829
0.326666	1.708103
0.329999	1.714472
0.333332	1.714154
0.336666	1.720841
0.339999	1.708740
0.343332	1.734853
0.346666	1.721160
0.349999	1.715428
0.353332	1.730077
0.356666	1.726892
0.359999	1.710651
0.363332	1.727847
0.366666	1.692499
0.369999	1.704918
0.373332	1.696957
0.376666	1.680079
0.379999	1.685811
0.383332	1.710332
0.386666	1.734217
0.389999	1.709377
0.393332	1.696957
0.396666	1.717338
0.399999	1.701097
0.403332	1.730077
0.406666	1.732943
0.409999	1.712243
0.413332	1.721797
0.416666	1.729440
0.419999	1.741223
0.423332	1.721478
0.426666	1.708103
0.429999	1.711288
0.433332	1.715428
0.436666	1.750776
0.439999	1.698549
0.443332	1.698868
0.446666	1.716383
0.449999	1.720841
0.453332	1.698868
0.456666	1.725618
0.459999	1.713198
0.463332	1.733898
0.466665	1.695683
0.469999	1.709058
0.473332	1.717338
0.476665	1.714472
0.479999	1.714472
0.483332	1.708740
0.486665	1.715746
0.489999	1.720841
0.493332	1.721160
0.496665	1.717657
0.499999	1.718931
0.503332	1.724026
0.506665	1.688359
0.509999	1.710651
0.513332	1.723707
0.516665	1.746636
0.519999	1.700460
0.523332	1.715746
0.526665	1.729121
0.529999	1.710332
0.533332	1.690906
0.536665	1.709695
0.539999	1.714791
0.543332	1.705237
0.546665	1.706192
0.549999	1.723071
0.553332	1.731669
0.556665	1.706511
0.559999	1.692499
0.563332	1.707466
0.566665	1.726255
0.569999	1.707148
0.573332	1.700142
0.576665	1.705874
0.579999	1.715109
0.583332	1.714154
0.586665	1.721478
0.589999	1.731987
0.593332	1.734217
0.596665	1.716383
0.599998	1.689951
0.603332	1.708103
0.606665	1.732943
0.609998	1.705555
0.613332	1.707148
0.616665	1.714472
0.619998	1.717657
0.623332	1.721478
0.626665	1.737083
0.629998	1.714472
0.633332	1.710332
0.636665	1.717975
0.639998	1.710332
0.643332	1.732943
0.646665	1.719568
0.649998	1.646004
0.653332	1.713835
0.656665	1.715746
0.659998	1.723071
0.663332	1.675620
0.666665	1.716064
0.669998	1.728484
0.673332	1.620209
0.676665	1.707785
0.679998	1.722115
0.683332	1.703008
0.686665	1.723707
0.689998	1.717338
0.693332	1.673073
0.696665	1.642182
0.699998	1.690906
0.703332	1.724981
0.706665	1.734853
0.709998	1.584860
0.713332	1.667341
0.716665	1.715428
0.719998	1.705555
0.723332	1.715746
0.726665	1.721797
0.729998	1.715746
0.733331	1.716064
0.736665	1.678805
0.739998	1.722752
0.743331	1.725618
0.746665	1.713198
0.749998	1.682626
0.753331	1.691862
0.756665	1.721478
0.759998	1.724026
0.763331	1.692817
0.766665	1.697594
0.769998	1.731350
0.773331	1.712243
0.776665	1.704600
0.779998	1.708422
0.783331	1.752369
0.786665	1.701415
0.789998	1.709695
0.793331	1.727529
0.796665	1.727847
0.799998	1.707466
0.803331	1.717657
0.806665	1.723389
0.809998	1.711925
0.813331	1.717338
0.816665	1.715109
0.819998	1.717975
0.823331	1.718612
0.826665	1.725618
0.829998	1.716064
0.833331	1.723707
0.836665	1.723071
0.839998	1.717338
0.843331	1.704282
0.846665	1.710332
0.849998	1.716064
0.853331	1.720523
0.856665	1.593459
0.859998	1.684219
0.863331	1.722752
0.866664	1.743452
0.869998	1.712243
0.873331	1.699186
0.876664	1.696957
0.879998	1.687085
0.883331	1.598872
0.886664	1.666067
0.889998	1.709377
0.893331	1.734535
0.896664	1.700142
0.899998	1.676257
0.903331	1.729758
0.906664	1.719886
0.909998	1.708422
0.913331	1.691862
0.916664	1.725300
0.919998	1.711606
0.923331	1.713517
0.926664	1.703963
0.929998	1.724981
0.933331	1.716383
0.936664	1.696639
0.939998	1.720841
0.943331	1.719249
0.946664	1.713198
0.949998	1.721797
0.953331	1.726255
0.956664	1.729440
0.959998	1.703645
0.963331	1.724026
0.966664	1.724344
0.969998	1.657787
0.973331	1.696002
0.976664	1.720841
0.979998	1.718294
0.983331	1.722434
0.986664	1.720204
0.989998	1.685493
0.993331	1.701734
0.996664	1.720841
0.999997	1.714472
1.003331	1.730077
1.006664	1.715746
1.009997	1.718294
1.013331	1.716064
1.016664	1.729121
1.019997	1.618935
1.023331	1.652373
1.026664	1.672117
1.029997	1.711288
1.033331	1.717338
1.036664	1.710651
1.039997	1.708103
1.043331	1.734217
1.046664	1.655558
1.049997	1.581357
1.053331	1.696002
1.056664	1.711925
1.059997	1.716701
1.063331	1.696320
1.066664	1.719249
1.069997	1.700460
1.073331	1.727529
1.076664	1.719568
1.079997	1.706192
1.083331	1.713835
1.086664	1.739630
1.089997	1.732943
1.093331	1.703326
1.096664	1.714154
1.099997	1.724026
1.103331	1.706192
1.106664	1.714154
1.109997	1.711288
1.113331	1.718612
1.116664	1.757464
1.119997	1.681353
1.123331	1.701415
1.126664	1.718931
1.129997	1.708422
1.133331	1.667341
1.136664	1.732943
1.139997	1.724663
1.143330	1.712561
1.146664	1.704282
1.149997	1.712561
1.153330	1.726574
1.156664	1.712243
1.159997	1.700779
1.163330	1.700460
1.166664	1.722115
1.169997	1.716383
1.173330	1.718294
1.176664	1.710014
1.179997	1.723707
1.183330	1.725937
1.186664	1.711288
1.189997	1.737720
1.193330	1.698868
1.196664	1.725937
1.199997	1.713517
1.203330	1.721160
1.206664	1.739312
1.209997	1.703645
1.213330	1.717338
1.216664	1.725618
1.219997	1.726574
1.223330	1.718294
1.226664	1.720204
1.229997	1.713198
1.233330	1.710969
1.236664	1.712880
1.239997	1.715109
1.243330	1.727210
1.246664	1.727529
1.249997	1.700142
1.253330	1.707466
1.256664	1.734853
1.259997	1.709695
1.263330	1.707785
1.266663	1.719568
1.269997	1.739630
1.273330	1.617661
1.276663	1.676257
1.279997	1.722752
1.283330	1.720204
1.286663	1.713198
1.289997	1.687722
1.293330	1.710332
1.296663	1.724026
1.299997	1.703645
1.303330	1.700779
1.306663	1.721478
1.309997	1.738356
1.313330	1.692499
1.316663	1.693454
1.319997	1.715428
1.323330	1.728803
1.326663	1.693454
1.329997	1.710651
1.333330	1.714154
1.336663	1.718612
1.339997	1.715746
1.343330	1.714791
1.346663	1.721478
1.349997	1.725618
1.353330	1.707148
1.356663	1.725618
1.359997	1.688040
1.363330	1.702689
1.366663	1.707466
1.369997	1.715428
1.373330	1.704282
1.376663	1.705555
1.379997	1.720841
1.383330	1.722434
1.386663	1.698549
1.389997	1.711288
1.393330	1.720523
1.396663	1.719568
1.399996	1.708103
1.403330	1.709695
1.406663	1.738356
1.409996	1.712561
1.413330	1.699823
1.416663	1.696002
1.419996	1.711925
1.423330	1.732624
1.426663	1.712880
1.429996	1.711925
1.433330	1.708422
1.436663	1.720523
1.439996	1.707785
1.443330	1.696320
1.446663	1.724663
1.449996	1.704600
1.453330	1.694091
1.456663	1.700142
1.459996	1.708422
1.463330	1.730077
1.466663	1.722752
1.469996	1.702689
1.473330	1.725300
1.476663	1.722752
1.479996	1.670207
1.483330	1.681353
1.486663	1.707466
1.489996	1.702052
1.493330	1.713198
1.496663	1.725300
1.499996	1.739312
1.503330	1.701415
1.506663	1.734217
1.509996	1.685811
1.513330	1.693454
1.516663	1.710651
1.519996	1.731669
1.523330	1.652373
1.526663	1.696320
1.529996	1.717338
1.533330	1.717657
1.536663	1.709058
1.539996	1.717020
1.543329	1.729121
1.546663	1.699823
1.549996	1.685493
1.553329	1.689951
1.556663	1.715428
1.559996	1.726574
1.563329	1.708740
1.566663	1.703326
1.569996	1.712561
1.573329	1.710651
1.576663	1.715428
1.579996	1.722752
1.583329	1.717657
1.586663	1.721797
1.589996	1.739630
1.593329	1.719249
1.596663	1.712880
1.599996	1.718294
1.603329	1.717975
1.606663	1.709695
1.609996	1.710969
1.613329	1.727847
1.616663	1.710014
1.619996	1.714791
1.623329	1.709058
1.626663	1.727529
1.629996	1.726255
1.633329	1.709058
1.636663	1.704918
1.639996	1.716383
1.643329	1.720204
1.646663	1.701415
1.649996	1.727847
1.653329	1.636132
1.656663	1.702052
1.659996	1.715428
1.663329	1.718612
1.666662	1.724981
1.669996	1.710014
1.673329	1.693454
1.676662	1.723071
1.679996	1.722752
1.683329	1.714472
1.686662	1.694091
1.689996	1.713835
1.693329	1.718931
1.696662	1.726574
1.699996	1.700142
1.703329	1.698868
1.706662	1.712243
1.709996	1.735490
1.713329	1.715109
1.716662	1.693454
1.719996	1.703008
1.723329	1.722115
1.726662	1.702371
1.729996	1.708740
1.733329	1.710332
1.736662	1.711288
1.739996	1.735172
1.743329	1.711288
1.746662	1.702689
1.749996	1.746955
1.753329	1.714154
1.756662	1.705555
1.759996	1.710969
1.763329	1.715109
1.766662	1.722115
1.769996	1.709058
1.773329	1.716064
1.776662	1.691225
1.779996	1.708422
1.783329	1.714154
1.786662	1.733580
1.789996	1.711288
1.793329	1.708740
1.796662	1.713198
1.799995	1.717338
1.803329	1.729758
1.806662	1.716064
1.809995	1.702371
1.813329	1.717975
1.816662	1.721797
1.819995	1.717657
1.823329	1.710651
1.826662	1.688040
1.829995	1.685174
1.833329	1.724663
1.836662	1.721797
1.839995	1.690269
1.843329	1.703008
1.846662	1.733580
1.849995	1.700460
1.853329	1.688359
1.856662	1.700779
1.859995	1.753005
1.863329	1.702052
1.866662	1.717338
1.869995	1.688677
1.873329	1.712243
1.876662	1.719249
1.879995	1.710651
1.883329	1.696002
1.886662	1.700779
1.889995	1.706511
1.893329	1.710969
1.896662	1.720204
1.899995	1.707785
1.903329	1.692499
1.906662	1.724344
1.909995	1.724981
1.913329	1.703963
1.916662	1.717338
1.919995	1.699186
1.923329	1.717657
1.926662	1.691543
1.929995	1.701734
1.933329	1.705874
1.936662	1.711606
1.939995	1.684219
1.943328	1.689633
1.946662	1.715746
1.949995	1.706192
1.953328	1.710969
1.956662	1.728166
1.959995	1.711288
1.963328	1.703645
1.966662	1.711925
1.969995	1.717338
1.973328	1.699186
1.976662	1.745681
1.979995	1.712561
1.983328	1.707785
1.986662	1.716383
1.989995	1.720204
1.993328	1.715746
1.996662	1.725618
1.999995	1.722434
2.003328	1.713517
2.006662	1.728803
2.009995	1.707466
2.013328	1.699186
2.016662	1.713517
2.019995	1.735172
2.023328	1.708740
2.026662	1.707148
2.029995	1.738356
2.033328	1.696639
2.036662	1.710651
2.039995	1.708103
2.043328	1.696320
2.046662	1.704918
2.049995	1.727210
2.053328	1.718931
2.056662	1.726574
2.059995	1.714154
2.063328	1.724026
2.066661	1.730713
2.069995	1.698868
2.073328	1.713517
2.076661	1.663201
2.079995	1.693454
2.083328	1.701734
2.086661	1.730395
2.089995	1.705237
2.093328	1.710014
2.096661	1.721478
2.099995	1.712880
2.103328	1.729440
2.106661	1.707148
2.109995	1.701734
2.113328	1.714791
2.116661	1.719249
2.119995	1.710332
2.123328	1.709695
2.126661	1.703326
2.129995	1.701097
2.133328	1.714154
2.136661	1.719568
2.139995	1.711925
2.143328	1.720204
2.146661	1.738038
2.149995	1.710651
2.153328	1.708103
2.156661	1.721797
2.159995	1.728484
2.163328	1.722434
2.166661	1.684537
2.169995	1.699505
2.173328	1.721797
2.176661	1.721797
2.179995	1.690269
2.183328	1.687085
2.186661	1.701097
2.189995	1.715109
2.193328	1.718612
2.196661	1.717975
2.199994	1.723389
2.203328	1.719249
2.206661	1.721797
2.209994	1.713835
2.213328	1.708740
2.216661	1.731987
2.219994	1.707785
2.223328	1.720204
2.226661	1.705237
2.229994	1.712561
2.233328	1.719249
2.236661	1.727847
2.239994	1.716701
2.243328	1.704282
2.246661	1.709377
2.249994	1.710969
2.253328	1.713835
2.256661	1.710651
2.259994	1.727529
2.263328	1.721478
2.266661	1.712243
2.269994	1.725618
2.273328	1.722434
2.276661	1.715109
2.279994	1.727529
2.283328	1.730077
2.286661	1.711288
2.289994	1.695365
2.293328	1.707785
2.296661	1.734217
2.299994	1.591866
2.303328	1.681353
2.306661	1.685811
2.309994	1.712561
2.313328	1.702371
2.316661	1.709377
2.319994	1.692180
2.323328	1.700779
2.326661	1.727529
2.329994	1.701734
2.333327	1.699823
2.336661	1.704282
2.339994	1.727210
2.343327	1.709058
2.346661	1.708740
2.349994	1.700460
2.353327	1.720841
2.356661	1.736446
2.359994	1.722115
2.363327	1.705555
2.366661	1.722434
2.369994	1.734535
2.373327	1.715109
2.376661	1.722115
2.379994	1.705555
2.383327	1.720204
2.386661	1.726574
2.389994	1.724344
2.393327	1.717020
2.396661	1.711925
2.399994	1.721478
2.403327	1.736127
2.406661	1.700460
2.409994	1.701097
2.413327	1.653328
2.416661	1.702689
2.419994	1.718612
2.423327	1.715109
2.426661	1.757145
2.429994	1.692180
2.433327	1.700779
2.436661	1.726574
2.439994	1.710332
2.443327	1.717657
2.446661	1.720841
2.449994	1.706192
2.453327	1.739312
2.456661	1.711925
2.459994	1.731032
2.463327	1.703326
2.466660	1.717020
2.469994	1.720841
2.473327	1.712561
2.476660	1.718294
2.479994	1.727210
2.483327	1.717975
2.486660	1.716383
2.489994	1.710651
2.493327	1.728803
2.496660	1.711288
2.499994	1.696002
2.503327	1.705237
2.506660	1.714472
2.509994	1.736446
2.513327	1.733580
2.516660	1.707785
2.519994	1.704282
2.523327	1.719249
2.526660	1.723707
2.529994	1.703008
2.533327	1.717657
2.536660	1.711288
2.539994	1.663201
2.543327	1.693454
2.546660	1.696320
2.549994	1.720204
2.553327	1.711288
2.556660	1.671799
2.559994	1.704918
2.563327	1.715746
2.566660	1.712243
2.569994	1.708422
2.573327	1.700779
2.576660	1.725618
2.579994	1.732624
2.583327	1.721478
2.586660	1.704918
2.589994	1.739949
2.593327	1.717975
2.596660	1.708422
2.599994	1.700460
2.603327	1.739630
2.606660	1.719249
2.609993	1.693136
2.613327	1.694728
2.616660	1.721160
2.619993	1.718294
2.623327	1.703008
2.626660	1.726892
2.629993	1.712243
2.633327	1.719249
2.636660	1.713835
2.639993	1.714154
2.643327	1.728803
2.646660	1.717975
2.649993	1.705555
2.653327	1.718294
2.656660	1.733580
2.659993	1.613521
2.663327	1.682308
2.666660	1.709058
2.669993	1.717338
2.673327	1.703326
2.676660	1.714154
2.679993	1.740586
2.683327	1.712880
2.686660	1.712243
2.689993	1.723071
2.693327	1.709377
2.696660	1.704600
2.699993	1.719886
2.703327	1.734217
2.706660	1.721160
2.709993	1.728803
2.713327	1.699823
2.716660	1.725618
2.719993	1.739312
2.723327	1.686766
2.726660	1.691862
2.729993	1.712243
2.733326	1.740586
2.736660	1.725300
2.739993	1.688996
2.743326	1.698868
2.746660	1.724663
2.749993	1.725937
2.753326	1.718612
2.756660	1.695683
2.759993	1.717657
2.763326	1.656831
2.766660	1.670844
2.769993	1.684219
2.773326	1.713835
2.776660	1.717975
2.779993	1.710014
2.783326	1.700460
2.786660	1.709058
2.789993	1.733898
2.793326	1.680079
2.796660	1.707785
2.799993	1.713198
2.803326	1.716383
2.806660	1.731987
2.809993	1.717975
2.813326	1.714472
2.816660	1.717657
2.819993	1.717020
2.823326	1.706511
2.826660	1.721160
2.829993	1.716701
2.833326	1.728484
2.836660	1.704282
2.839993	1.706829
2.843326	1.715746
2.846660	1.729121
2.849993	1.710651
2.853326	1.715746
2.856660	1.731350
2.859993	1.724026
2.863326	1.704918
2.866659	1.685811
2.869993	1.720841
2.873326	1.721478
2.876659	1.728166
2.879993	1.702052
2.883326	1.719568
2.886659	1.725937
2.889993	1.708422
2.893326	1.711288
2.896659	1.707148
2.899993	1.736764
2.903326	1.713835
2.906659	1.718931
2.909993	1.716064
2.913326	1.706511
2.916659	1.728484
2.919993	1.718294
2.923326	1.724026
2.926659	1.728803
2.929993	1.701097
2.933326	1.718612
2.936659	1.737083
2.939993	1.723389
2.943326	1.651418
2.946659	1.717020
2.949993	1.716064
2.953326	1.726574
2.956659	1.717975
2.959993	1.710014
2.963326	1.717975
2.966659	1.713835
2.969993	1.713517
2.973326	1.727847
2.976659	1.701734
2.979993	1.722752
2.983326	1.722752
2.986659	1.722752
2.989993	1.724981
2.993326	1.717020
2.996659	1.712243
2.999992	1.727847
3.003326	1.733898
3.006659	1.699186
3.009992	1.698231
3.013326	1.720204
3.016659	1.710969
3.019992	1.696639
3.023326	1.708740
3.026659	1.717338
3.029992	1.722752
3.033326	1.734535
3.036659	1.721478
3.039992	1.707785
3.043326	1.710014
3.046659	1.713198
3.049992	1.714154
3.053326	1.716701
3.056659	1.708103
3.059992	1.708740
3.063326	1.752050
3.066659	1.700779
3.069992	1.713198
3.073326	1.718612
3.076659	1.723707
3.079992	1.674028
3.083326	1.701734
3.086659	1.733898
3.089992	1.697912
3.093326	1.718294
3.096659	1.703645
3.099992	1.724026
3.103326	1.716383
3.106659	1.722752
3.109992	1.717338
3.113326	1.701734
3.116659	1.708422
3.119992	1.719568
3.123326	1.729440
3.126659	1.699505
3.129992	1.703326
3.133325	1.732306
3.136659	1.713198
3.139992	1.714791
3.143325	1.707785
3.146659	1.720523
3.149992	1.722434
3.153325	1.729440
3.156659	1.701734
3.159992	1.726892
3.163325	1.727847
3.166659	1.713517
3.169992	1.727529
3.173325	1.727529
3.176659	1.731032
3.179992	1.713835
3.183325	1.722115
3.186659	1.725937
3.189992	1.723071
3.193325	1.676576
3.196659	1.708422
3.199992	1.721478
3.203325	1.700142
3.206659	1.715746
3.209992	1.736127
3.213325	1.706511
3.216659	1.695046
3.219992	1.700460
3.223325	1.729440
3.226659	1.723071
3.229992	1.696639
3.233325	1.713835
3.236659	1.716383
3.239992	1.719568
3.243325	1.729121
3.246659	1.722434
3.249992	1.702689
3.253325	1.711606
3.256659	1.713198
3.259992	1.725300
3.263325	1.721478
3.266658	1.694728
3.269992	1.710651
3.273325	1.728166
3.276658	1.728803
3.279992	1.725618
3.283325	1.716064
3.286658	1.731669
3.289992	1.707466
3.293325	1.717975
3.296658	1.717020
3.299992	1.671480
3.303325	1.667977
3.306658	1.706192
3.309992	1.720841
3.313325	1.729121
3.316658	1.698231
3.319992	1.720204
3.323325	1.734853
3.326658	1.710651
3.329992	1.724026
3.333325	1.734217
3.336658	1.718612
3.339992	1.715746
3.343325	1.716701
3.346658	1.719568
3.349992	1.731032
3.353325	1.693772
3.356658	1.702052
3.359992	1.718294
3.363325	1.721478
3.366658	1.724026
3.369992	1.717975
3.373325	1.696639
3.376658	1.715109
3.379992	1.703645
3.383325	1.720204
3.386658	1.732943
3.389992	1.710969
3.393325	1.739949
3.396658	1.711925
3.399991	1.719249
3.403325	1.708422
3.406658	1.726892
3.409991	1.698231
3.413325	1.730395
3.416658	1.738038
3.419991	1.689633
3.423325	1.741859
3.426658	1.720204
3.429991	1.719249
3.433325	1.705555
3.436658	1.731987
3.439991	1.706829
3.443325	1.720523
3.446658	1.706511
3.449991	1.710651
3.453325	1.700142
3.456658	1.737720
3.459991	1.724344
3.463325	1.724344
3.466658	1.718612
3.469991	1.722752
3.473325	1.671480
3.476658	1.694409
3.479991	1.699186
3.483325	1.733898
3.486658	1.709058
3.489991	1.755235
3.493325	1.742496
3.496658	1.685174
3.499991	1.717338
3.503325	1.732624
3.506658	1.719568
3.509991	1.707466
3.513325	1.724663
3.516658	1.732943
3.519991	1.571485
3.523325	1.692180
3.526658	1.700460
3.529991	1.711288
3.533324	1.729121
3.536658	1.709377
3.539991	1.698549
3.543324	1.722115
3.546658	1.727529
3.549991	1.723389
3.553324	1.708422
3.556658	1.738675
3.559991	1.709377
3.563324	1.714472
3.566658	1.718294
3.569991	1.732624
3.573324	1.732306
3.576658	1.753642
3.579991	1.707148
3.583324	1.722752
3.586658	1.690269
3.589991	1.734853
3.593324	1.703645
3.596658	1.746636
3.599991	1.705555
3.603324	1.727210
3.606658	1.717338
3.609991	1.709695
3.613324	1.702371
3.616658	1.732306
3.619991	1.715109
3.623324	1.691543
3.626658	1.702371
3.629991	1.729121
3.633324	1.722434
3.636658	1.706511
3.639991	1.718931
3.643324	1.720204
3.646658	1.706192
3.649991	1.707466
3.653324	1.727847
3.656658	1.715746
3.659991	1.725300
3.663324	1.708422
3.666657	1.739312
3.669991	1.714791
3.673324	1.701097
3.676657	1.719568
3.679991	1.714791
3.683324	1.714472
3.686657	1.733898
3.689991	1.718294
3.693324	1.714472
3.696657	1.713517
3.699991	1.734853
3.703324	1.715746
3.706657	1.704600
3.709991	1.717338
3.713324	1.650144
3.716657	1.717657
3.719991	1.731032
3.723324	1.716064
3.726657	1.723389
3.729991	1.712243
3.733324	1.718612
3.736657	1.722115
3.739991	1.726892
3.743324	1.727529
3.746657	1.726892
3.749991	1.717975
3.753324	1.707466
3.756657	1.712561
3.759991	1.719886
3.763324	1.719568
3.766657	1.694728
3.769991	1.689633
3.773324	1.713198
3.776657	1.726892
3.779991	1.698868
3.783324	1.690906
3.786657	1.706511
3.789991	1.728166
3.793324	1.734217
3.796657	1.664793
3.799990	1.714154
3.803324	1.718294
3.806657	1.698231
3.809990	1.710014
3.813324	1.709058
3.816657	1.721478
3.819990	1.732306
3.823324	1.724344
3.826657	1.704918
3.829990	1.698549
3.833324	1.716701
3.836657	1.718612
3.839990	1.676894
3.843324	1.674028
3.846657	1.705874
3.849990	1.640909
3.853324	1.689633
3.856657	1.705555
3.859990	1.724663
3.863324	1.693454
3.866657	1.703963
3.869990	1.711288
3.873324	1.743770
3.876657	1.710969
3.879990	1.702052
3.883324	1.712561
3.886657	1.728803
3.889990	1.720841
3.893324	1.707148
3.896657	1.706829
3.899990	1.713198
3.903324	1.719568
3.906657	1.701415
3.909990	1.720523
3.913324	1.726574
3.916657	1.731032
3.919990	1.719568
3.923324	1.703963
3.926657	1.716064
3.929990	1.717020
3.933323	1.704918
3.936657	1.710969
3.939990	1.720204
3.943323	1.722434
3.946657	1.738356
3.949990	1.716064
3.953323	1.728166
3.956657	1.705237
3.959990	1.726892
3.963323	1.734535
3.966657	1.715109
3.969990	1.707148
3.973323	1.729440
3.976657	1.720841
3.979990	1.720204
3.983323	1.702371
3.986657	1.723389
3.989990	1.722752
3.993323	1.704918
3.996657	1.720841
3.999990	1.734853
4.003323	1.706829
4.006657	1.728166
4.009990	1.697912
4.013323	1.700460
4.016657	1.724663
4.019990	1.724663
4.023323	1.709377
4.026657	1.703645
4.029990	1.716701
4.033323	1.712561
4.036657	1.718931
4.039990	1.718294
4.043323	1.699186
4.046657	1.710332
4.049990	1.726892
4.053323	1.697912
4.056657	1.711288
4.059990	1.679760
4.063323	1.706192
4.066656	1.728166
4.069990	1.712561
4.073323	1.753642
4.076656	1.702371
4.079990	1.716064
4.083323	1.713835
4.086656	1.721478
4.089990	1.697276
4.093323	1.718294
4.096656	1.728803
4.099990	1.717657
4.103323	1.698231
4.106656	1.743452
4.109990	1.717975
4.113323	1.698231
4.116656	1.677531
4.119990	1.694091
4.123323	1.716701
4.126656	1.711288
4.129990	1.719249
4.133323	1.706829
4.136656	1.712561
4.139990	1.725300
4.143323	1.711288
4.146656	1.726892
4.149990	1.710651
4.153323	1.708422
4.156656	1.725618
4.159990	1.724344
4.163323	1.727529
4.166656	1.719568
4.169990	1.718294
4.173323	1.717338
4.176656	1.716064
4.179990	1.718931
4.183323	1.720841
4.186656	1.724663
4.189990	1.661927
4.193323	1.726892
4.196656	1.699505
4.199990	1.705555
4.203323	1.734217
4.206656	1.712243
4.209989	1.718294
4.213323	1.720841
4.216656	1.714154
4.219989	1.710332
4.223323	1.718294
4.226656	1.710651
4.229989	1.717020
4.233323	1.726574
4.236656	1.729121
4.239989	1.719249
4.243323	1.728484
4.246656	1.662564
4.249989	1.670525
4.253323	1.679123
4.256656	1.691225
4.259989	1.729440
4.263323	1.724981
4.266656	1.716701
4.269989	1.709058
4.273323	1.718931
4.276656	1.723389
4.279989	1.630718
4.283323	1.715428
4.286656	1.683263
4.289989	1.712243
4.293323	1.708103
4.296656	1.713517
4.299989	1.708740
4.303323	1.715428
4.306656	1.718931
4.309989	1.734217
4.313323	1.712561
4.316656	1.710969
4.319989	1.714472
4.323323	1.719568
4.326656	1.718612
4.329989	1.703645
4.333322	1.713198
4.336656	1.712243
4.339989	1.721478
4.343322	1.719886
4.346656	1.749184
4.349989	1.698868
4.353322	1.731669
4.356656	1.729758
4.359989	1.707148
4.363322	1.715746
4.366656	1.705237
4.369989	1.725300
4.373322	1.703963
4.376656	1.723707
4.379989	1.706829
4.383322	1.715746
4.386656	1.720841
4.389989	1.717975
4.393322	1.718931
4.396656	1.717975
4.399989	1.731032
4.403322	1.708103
4.406656	1.721797
4.409989	1.710332
4.413322	1.701097
4.416656	1.703008
4.419989	1.722434
4.423322	1.712880
4.426656	1.724981
4.429989	1.711925
4.433322	1.715428
4.436656	1.733898
4.439989	1.706511
4.443322	1.703008
4.446656	1.720841
4.449989	1.716383
4.453322	1.721797
4.456656	1.700460
4.459989	1.702052
4.463322	1.702689
4.466655	1.729440
4.469989	1.717338
4.473322	1.714791
4.476655	1.716064
4.479989	1.713835
4.483322	1.712243
4.486655	1.719249
4.489989	1.708422
4.493322	1.706511
4.496655	1.671162
4.499989	1.714472
4.503322	1.729121
4.506655	1.701097
4.509989	1.710014
4.513322	1.734853
4.516655	1.717975
4.519989	1.700142
4.523322	1.711288
4.526655	1.702689
4.529989	1.694091
4.533322	1.714791
4.536655	1.705555
4.539989	1.700142
4.543322	1.723389
4.546655	1.723071
4.549989	1.693454
4.553322	1.698549
4.556655	1.733580
4.559989	1.705874
4.563322	1.706192
4.566655	1.702689
4.569989	1.717975
4.573322	1.717975
4.576655	1.694091
4.579989	1.725300
4.583322	1.723707
4.586655	1.709058
4.589989	1.694091
4.593322	1.715428
4.596655	1.710014
4.599988	1.713198
4.603322	1.702371
4.606655	1.707148
4.609988	1.705237
4.613322	1.731669
4.616655	1.705874
4.619988	1.714791
4.623322	1.711288
4.626655	1.725300
4.629988	1.702052
4.633322	1.753961
4.636655	1.710651
4.639988	1.708103
4.643322	1.715109
4.646655	1.723389
4.649988	1.722115
4.653322	1.732624
4.656655	1.713835
4.659988	1.707785
4.663322	1.720204
4.666655	1.717020
4.669988	1.714791
4.673322	1.723707
4.676655	1.711288
4.679988	1.705874
4.683322	1.718612
4.686655	1.723707
4.689988	1.718612
4.693322	1.739949
4.696655	1.704918
4.699988	1.724981
4.703322	1.719568
4.706655	1.727210
4.709988	1.734535
4.713322	1.734217
4.716655	1.717338
4.719988	1.689314
4.723322	1.701734
4.726655	1.731032
4.729988	1.719249
4.733321	1.690588
4.736655	1.685493
4.739988	1.726574
4.743321	1.728803
4.746655	1.686130
4.749988	1.723071
4.753321	1.719249
4.756655	1.727847
4.759988	1.711925
4.763321	1.689314
4.766655	1.716383
4.769988	1.741859
4.773321	1.710969
4.776655	1.694091
4.779988	1.720523
4.783321	1.724981
4.786655	1.708422
4.789988	1.706511
4.793321	1.701097
4.796655	1.707148
4.799988	1.724981
4.803321	1.714791
4.806655	1.699186
4.809988	1.723707
4.813321	1.715428
4.816655	1.700142
4.819988	1.706829
4.823321	1.718931
4.826655	1.722752
4.829988	1.712561
4.833321	1.710332
4.836655	1.728803
4.839988	1.710332
4.843321	1.709058
4.846655	1.736764
4.849988	1.716383
4.853321	1.701097
4.856655	1.727210
4.859988	1.728166
4.863321	1.703645
4.866655	1.710014
4.869988	1.724981
4.873321	1.710651
4.876654	1.717338
4.879988	1.722752
4.883321	1.715109
4.886654	1.718612
4.889988	1.731350
4.893321	1.719568
4.896654	1.723707
4.899988	1.737083
4.903321	1.709695
4.906654	1.698231
4.909988	1.701097
4.913321	1.724981
4.916654	1.706829
4.919988	1.703963
4.923321	1.739312
4.926654	1.731987
4.929988	1.707785
4.933321	1.723389
4.936654	1.734535
4.939988	1.710332
4.943321	1.720841
4.946654	1.731669
4.949988	1.690906
4.953321	1.703963
4.956654	1.689314
4.959988	1.702052
4.963321	1.702052
4.966654	1.696320
4.969988	1.720841
4.973321	1.747592
4.976654	1.688040
4.979988	1.720523
4.983321	1.722752
4.986654	1.720841
4.989988	1.689314
4.993321	1.721160
4.996654	1.703008

