LabVIEW Measurement	
Writer_Version	2
Reader_Version	2
Separator	Tab
Decimal_Separator	.
Multi_Headings	Yes
X_Columns	One
Time_Pref	Absolute
Operator	labuser
Date	2019/05/16
Time	10:53:58.158709024999919809
***End_of_Header***	
	
Channels	1	
Samples	1500	
Date	2019/05/16	
Time	11:07:27.9716822249994988563	
Y_Unit_Label	Volts	
X_Dimension	Time	
X0	0.0000000000000000E+0	
Delta_X	0.003333	
***End_of_Header***		
X_Value	Voltage	Comment
0.000000	1.500469
0.003333	1.467031
0.006667	1.514481
0.010000	1.469579
0.013333	1.380092
0.016667	1.425632
0.020000	1.437733
0.023333	1.552378
0.026667	1.511934
0.030000	1.568619
0.033333	1.332961
0.036667	1.555881
0.040000	1.535818
0.043333	1.465439
0.046667	1.637406
0.050000	1.631355
0.053333	1.460662
0.056667	1.430090
0.060000	1.523080
0.063333	1.534544
0.066666	1.489005
0.070000	1.366717
0.073333	1.434230
0.076666	1.467031
0.080000	1.504291
0.083333	1.488049
0.086666	1.388054
0.090000	1.443147
0.093333	1.619572
0.096666	1.527219
0.100000	1.447287
0.103333	1.553651
0.106666	1.431045
0.110000	1.580720
0.113333	1.527856
0.116666	1.349520
0.120000	1.382958
0.123333	1.609063
0.126666	1.368628
0.130000	1.476266
0.133333	1.566708
0.136666	1.525309
0.140000	1.578810
0.143333	1.654602
0.146666	1.546645
0.150000	1.501743
0.153333	1.582313
0.156666	1.561931
0.160000	1.403977
0.163333	1.510023
0.166666	1.533270
0.170000	1.522124
0.173333	1.412893
0.176666	1.334553
0.180000	1.566708
0.183333	1.579128
0.186666	1.386461
0.190000	1.421492
0.193333	1.465757
0.196666	1.542187
0.199999	1.492189
0.203333	1.672117
0.206666	1.640272
0.209999	1.450790
0.213333	1.496966
0.216666	1.474993
0.219999	1.468623
0.223333	1.521169
0.226666	1.385188
0.229999	1.536136
0.233333	1.481362
0.236666	1.461936
0.239999	1.544735
0.243333	1.393468
0.246666	1.316401
0.249999	1.531678
0.253333	1.502061
0.256666	1.446650
0.259999	1.536136
0.263333	1.511615
0.266666	1.438370
0.269999	1.545053
0.273333	1.671799
0.276666	1.552378
0.279999	1.480725
0.283333	1.442510
0.286666	1.619572
0.289999	1.581676
0.293333	1.554288
0.296666	1.418626
0.299999	1.389646
0.303333	1.476585
0.306666	1.498240
0.309999	1.406524
0.313333	1.496011
0.316666	1.365762
0.319999	1.566390
0.323333	1.568619
0.326666	1.497603
0.329999	1.608744
0.333332	1.381366
0.336666	1.612247
0.339999	1.527538
0.343332	1.651099
0.346666	1.440918
0.349999	1.646322
0.353332	1.384551
0.356666	1.549193
0.359999	1.552378
0.363332	1.469579
0.366666	1.590592
0.369999	1.591229
0.373332	1.558428
0.376666	1.386461
0.379999	1.410346
0.383332	1.516710
0.386666	1.617343
0.389999	1.601101
0.393332	1.350476
0.396666	1.520850
0.399999	1.435822
0.403332	1.458751
0.406666	1.453019
0.409999	1.587726
0.413332	1.491234
0.416666	1.400155
0.419999	1.584223
0.423332	1.543461
0.426666	1.539958
0.429999	1.532633
0.433332	1.529767
0.436666	1.354616
0.439999	1.548875
0.443332	1.543779
0.446666	1.597280
0.449999	1.478177
0.453332	1.411620
0.456666	1.510341
0.459999	1.491871
0.463332	1.432319
0.466665	1.436459
0.469999	1.477540
0.473332	1.418307
0.476665	1.576580
0.479999	1.450471
0.483332	1.418626
0.486665	1.478496
0.489999	1.305255
0.493332	1.371812
0.496665	1.410983
0.499999	1.402703
0.503332	1.448561
0.506665	1.502061
0.509999	1.566071
0.513332	1.536773
0.516665	1.356208
0.519999	1.513526
0.523332	1.656831
0.526665	1.485183
0.529999	1.511934
0.533332	1.424358
0.536665	1.627533
0.539999	1.561613
0.543332	1.547601
0.546665	1.478177
0.549999	1.528493
0.553332	1.560657
0.556665	1.470853
0.559999	1.524990
0.563332	1.653328
0.566665	1.469579
0.569999	1.544416
0.573332	1.504291
0.576665	1.615751
0.579999	1.550785
0.583332	1.472126
0.586665	1.504291
0.589999	1.394423
0.593332	1.481999
0.596665	1.450153
0.599998	1.534862
0.603332	1.391875
0.606665	1.493781
0.609998	1.549830
0.613332	1.423084
0.616665	1.642182
0.619998	1.573077
0.623332	1.418626
0.626665	1.539958
0.629998	1.553970
0.633332	1.539321
0.636665	1.473719
0.639998	1.376908
0.643332	1.396971
0.646665	1.346017
0.649998	1.442828
0.653332	1.602057
0.656665	1.613840
0.659998	1.435185
0.663332	1.559384
0.666665	1.571167
0.669998	1.659698
0.673332	1.443465
0.676665	1.460344
0.679998	1.401747
0.683332	1.588363
0.686665	1.461617
0.689998	1.518303
0.693332	1.588682
0.696665	1.528812
0.699998	1.556518
0.703332	1.375952
0.706665	1.418307
0.709998	1.565116
0.713332	1.449516
0.716665	1.475948
0.719998	1.356208
0.723332	1.476903
0.726665	1.406524
0.729998	1.518621
0.733331	1.674984
0.736665	1.545053
0.739998	1.434230
0.743331	1.445694
0.746665	1.527219
0.749998	1.321178
0.753331	1.396652
0.756665	1.486457
0.759998	1.611929
0.763331	1.516392
0.766665	1.489960
0.769998	1.495374
0.773331	1.456204
0.776665	1.557154
0.779998	1.453974
0.783331	1.510023
0.786665	1.476585
0.789998	1.250162
0.793331	1.570211
0.796665	1.535818
0.799998	1.499832
0.803331	1.288695
0.806665	1.504291
0.809998	1.377545
0.813331	1.417670
0.816665	1.434867
0.819998	1.521487
0.823331	1.467031
0.826665	1.522443
0.829998	1.593459
0.833331	1.528493
0.836665	1.483272
0.839998	1.593140
0.843331	1.360030
0.846665	1.408117
0.849998	1.550148
0.853331	1.718612
0.856665	1.446331
0.859998	1.514163
0.863331	1.394104
0.866664	1.543461
0.869998	1.565753
0.873331	1.524672
0.876664	1.473082
0.879998	1.641227
0.883331	1.552696
0.886664	1.392194
0.889998	1.590911
0.893331	1.629126
0.896664	1.554607
0.899998	1.417670
0.903331	1.641864
0.906664	1.507475
0.909998	1.619572
0.913331	1.509704
0.916664	1.459070
0.919998	1.564479
0.923331	1.583268
0.926664	1.423084
0.929998	1.537410
0.933331	1.503972
0.936664	1.536773
0.939998	1.431364
0.943331	1.563205
0.946664	1.583268
0.949998	1.489960
0.953331	1.570848
0.956664	1.450153
0.959998	1.518940
0.963331	1.527538
0.966664	1.471171
0.969998	1.442828
0.973331	1.609700
0.976664	1.466394
0.979998	1.384232
0.983331	1.553651
0.986664	1.557473
0.989998	1.621801
0.993331	1.436459
0.996664	1.543461
0.999997	1.386143
1.003331	1.438052
1.006664	1.440599
1.009997	1.592822
1.013331	1.377545
1.016664	1.592822
1.019997	1.356208
1.023331	1.434230
1.026664	1.566071
1.029997	1.571803
1.033331	1.386780
1.036664	1.573714
1.039997	1.613521
1.043331	1.625941
1.046664	1.472126
1.049997	1.434867
1.053331	1.428179
1.056664	1.446013
1.059997	1.559384
1.063331	1.478814
1.066664	1.498558
1.069997	1.523398
1.073331	1.467668
1.076664	1.517347
1.079997	1.399518
1.083331	1.498558
1.086664	1.531678
1.089997	1.450471
1.093331	1.487094
1.096664	1.563524
1.099997	1.427861
1.103331	1.566390
1.106664	1.432956
1.109997	1.475629
1.113331	1.596643
1.116664	1.555244
1.119997	1.651736
1.123331	1.500788
1.126664	1.452064
1.129997	1.541868
1.133331	1.533907
1.136664	1.479769
1.139997	1.503654
1.143330	1.544416
1.146664	1.543779
1.149997	1.501106
1.153330	1.651418
1.156664	1.521487
1.159997	1.530404
1.163330	1.540595
1.166664	1.433912
1.169997	1.685174
1.173330	1.438370
1.176664	1.614158
1.179997	1.441873
1.183330	1.507794
1.186664	1.464802
1.189997	1.437733
1.193330	1.450471
1.196664	1.515755
1.199997	1.461617
1.203330	1.588363
1.206664	1.375952
1.209997	1.487094
1.213330	1.376271
1.216664	1.489642
1.219997	1.415123
1.223330	1.529767
1.226664	1.586771
1.229997	1.521487
1.233330	1.479132
1.236664	1.472126
1.239997	1.297612
1.243330	1.526264
1.246664	1.530404
1.249997	1.511615
1.253330	1.329458
1.256664	1.506838
1.259997	1.532315
1.263330	1.484546
1.266663	1.430727
1.269997	1.591866
1.273330	1.492189
1.276663	1.410346
1.279997	1.454930
1.283330	1.463528
1.286663	1.491552
1.289997	1.417670
1.293330	1.435822
1.296663	1.614795
1.299997	1.433912
1.303330	1.638998
1.306663	1.439644
1.309997	1.654921
1.313330	1.341877
1.316663	1.385825
1.319997	1.639635
1.323330	1.673073
1.326663	1.564797
1.329997	1.422447
1.333330	1.550467
1.336663	1.614795
1.339997	1.252710
1.343330	1.492826
1.346663	1.436459
1.349997	1.547601
1.353330	1.587089
1.356663	1.562250
1.359997	1.481043
1.363330	1.442510
1.366663	1.479769
1.369997	1.395697
1.373330	1.380092
1.376663	1.457159
1.379997	1.370539
1.383330	1.473400
1.386663	1.543142
1.389997	1.619254
1.393330	1.606197
1.396663	1.525309
1.399996	1.474674
1.403330	1.293154
1.406663	1.631992
1.409996	1.519895
1.413330	1.423721
1.416663	1.464165
1.419996	1.400474
1.423330	1.514481
1.426663	1.485183
1.429996	1.505564
1.433330	1.586452
1.436663	1.557791
1.439996	1.604923
1.443330	1.532952
1.446663	1.500151
1.449996	1.532633
1.453330	1.551104
1.456663	1.501106
1.459996	1.540276
1.463330	1.604605
1.466663	1.415760
1.469996	1.540595
1.473330	1.512570
1.476663	1.557154
1.479996	1.628170
1.483330	1.439962
1.486663	1.400474
1.489996	1.453337
1.493330	1.450153
1.496663	1.528175
1.499996	1.525627
1.503330	1.648552
1.506663	1.565753
1.509996	1.555562
1.513330	1.419581
1.516663	1.434548
1.519996	1.602057
1.523330	1.469897
1.526663	1.305892
1.529996	1.492189
1.533330	1.423084
1.536663	1.453337
1.539996	1.409709
1.543329	1.413530
1.546663	1.643775
1.549996	1.607471
1.553329	1.567027
1.556663	1.297612
1.559996	1.612247
1.563329	1.624030
1.566663	1.554607
1.569996	1.513844
1.573329	1.624986
1.576663	1.485820
1.579996	1.440918
1.583329	1.520213
1.586663	1.508112
1.589996	1.615432
1.593329	1.531678
1.596663	1.518621
1.599996	1.454611
1.603329	1.548556
1.606663	1.479769
1.609996	1.418307
1.613329	1.511297
1.616663	1.380411
1.619996	1.557154
1.623329	1.424676
1.626663	1.535181
1.629996	1.669251
1.633329	1.546964
1.636663	1.331368
1.639996	1.529130
1.643329	1.494418
1.646663	1.534226
1.649996	1.465120
1.653329	1.497603
1.656663	1.613203
1.659996	1.420536
1.663329	1.590592
1.666662	1.431364
1.669996	1.555562
1.673329	1.474674
1.676662	1.620527
1.679996	1.369583
1.683329	1.275957
1.686662	1.428816
1.689996	1.645367
1.693329	1.650462
1.696662	1.441236
1.699996	1.409390
1.703329	1.540276
1.706662	1.634539
1.709996	1.511615
1.713329	1.461299
1.716662	1.536455
1.719996	1.590911
1.723329	1.599828
1.726662	1.549511
1.729996	1.419581
1.733329	1.531678
1.736662	1.569574
1.739996	1.537092
1.743329	1.489323
1.746662	1.410027
1.749996	1.544735
1.753329	1.456840
1.756662	1.296975
1.759996	1.299204
1.763329	1.481680
1.766662	1.469579
1.769996	1.589000
1.773329	1.578173
1.776662	1.551422
1.779996	1.348247
1.783329	1.509704
1.786662	1.402703
1.789996	1.430409
1.793329	1.553651
1.796662	1.563524
1.799995	1.345699
1.803329	1.286148
1.806662	1.441555
1.809995	1.529767
1.813329	1.484865
1.816662	1.431682
1.819995	1.574670
1.823329	1.631355
1.826662	1.482954
1.829995	1.550148
1.833329	1.562250
1.836662	1.616387
1.839995	1.428816
1.843329	1.611292
1.846662	1.502698
1.849995	1.404932
1.853329	1.375315
1.856662	1.367673
1.859995	1.467031
1.863329	1.530086
1.866662	1.543142
1.869995	1.593777
1.873329	1.446331
1.876662	1.529130
1.879995	1.506520
1.883329	1.346336
1.886662	1.420855
1.889995	1.437096
1.893329	1.508112
1.896662	1.491871
1.899995	1.631355
1.903329	1.475311
1.906662	1.564479
1.909995	1.497285
1.913329	1.539321
1.916662	1.505564
1.919995	1.649507
1.923329	1.510978
1.926662	1.477859
1.929995	1.283918
1.933329	1.645685
1.936662	1.424358
1.939995	1.572122
1.943328	1.646959
1.946662	1.449834
1.949995	1.405569
1.953328	1.484865
1.956662	1.578810
1.959995	1.472763
1.963328	1.523398
1.966662	1.514163
1.969995	1.588682
1.973328	1.485183
1.976662	1.530722
1.979995	1.412256
1.983328	1.476903
1.986662	1.493781
1.989995	1.344107
1.993328	1.494418
1.996662	1.397607
1.999995	1.558428
2.003328	1.535818
2.006662	1.633903
2.009995	1.417352
2.013328	1.528175
2.016662	1.532315
2.019995	1.494418
2.023328	1.604605
2.026662	1.397289
2.029995	1.665111
2.033328	1.617024
2.036662	1.625304
2.039995	1.588682
2.043328	1.408117
2.046662	1.432001
2.049995	1.448242
2.053328	1.465757
2.056662	1.613203
2.059995	1.675939
2.063328	1.401747
2.066661	1.588682
2.069995	1.528493
2.073328	1.542505
2.076661	1.268314
2.079995	1.408753
2.083328	1.479451
2.086661	1.489960
2.089995	1.515755
2.093328	1.403658
2.096661	1.486139
2.099995	1.483272
2.103328	1.552378
2.106661	1.344425
2.109995	1.402384
2.113328	1.450153
2.116661	1.484228
2.119995	1.584542
2.123328	1.477859
2.126661	1.449198
2.129995	1.489642
2.133328	1.540595
2.136661	1.359393
2.139995	1.430409
2.143328	1.516392
2.146661	1.505883
2.149995	1.653328
2.153328	1.480725
2.156661	1.288058
2.159995	1.489005
2.163328	1.522761
2.166661	1.603331
2.169995	1.480406
2.173328	1.496966
2.176661	1.509704
2.179995	1.524035
2.183328	1.456204
2.186661	1.540276
2.189995	1.566071
2.193328	1.613203
2.196661	1.429135
2.199994	1.397926
2.203328	1.418307
2.206661	1.292198
2.209994	1.419899
2.213328	1.423084
2.216661	1.503335
2.219994	1.613521
2.223328	1.529767
2.226661	1.457796
2.229994	1.531678
2.233328	1.542824
2.236661	1.562250
2.239994	1.364806
2.243328	1.355890
2.246661	1.477859
2.249994	1.563842
2.253328	1.446650
2.256661	1.615114
2.259994	1.540276
2.263328	1.632629
2.266661	1.456522
2.269994	1.528812
2.273328	1.486457
2.276661	1.581039
2.279994	1.548238
2.283328	1.601101
2.286661	1.448879
2.289994	1.267040
2.293328	1.353342
2.296661	1.477859
2.299994	1.520850
2.303328	1.365762
2.306661	1.450153
2.309994	1.532315
2.313328	1.410346
2.316661	1.334871
2.319994	1.463528
2.323328	1.531678
2.326661	1.425950
2.329994	1.410027
2.333327	1.368946
2.336661	1.455567
2.339994	1.541550
2.343327	1.497285
2.346661	1.345062
2.349994	1.614477
2.353327	1.462254
2.356661	1.643456
2.359994	1.531041
2.363327	1.543142
2.366661	1.482954
2.369994	1.481999
2.373327	1.477222
2.376661	1.424039
2.379994	1.478814
2.383327	1.450153
2.386661	1.515437
2.389994	1.570530
2.393327	1.483272
2.396661	1.452701
2.399994	1.620846
2.403327	1.530404
2.406661	1.389965
2.409994	1.499832
2.413327	1.612566
2.416661	1.422447
2.419994	1.516392
2.423327	1.521487
2.426661	1.480088
2.429994	1.471808
2.433327	1.448242
2.436661	1.469579
2.439994	1.491234
2.443327	1.563842
2.446661	1.483272
2.449994	1.572122
2.453327	1.600146
2.456661	1.377545
2.459994	1.501106
2.463327	1.437096
2.466660	1.551741
2.469994	1.495055
2.473327	1.448879
2.476660	1.622120
2.479994	1.528175
2.483327	1.436141
2.486660	1.480725
2.489994	1.593459
2.493327	1.534544
2.496660	1.560339
2.499994	1.347610
2.503327	1.511615
2.506660	1.456840
2.509994	1.510341
2.513327	1.354934
2.516660	1.596643
2.519994	1.584223
2.523327	1.446331
2.526660	1.331050
2.529994	1.406524
2.533327	1.607789
2.536660	1.631673
2.539994	1.425313
2.543327	1.376271
2.546660	1.481999
2.549994	1.354616
2.553327	1.428498
2.556660	1.411938
2.559994	1.562887
2.563327	1.531678
2.566660	1.548556
2.569994	1.458751
2.573327	1.429772
2.576660	1.489960
2.579994	1.550148
2.583327	1.531996
2.586660	1.433275
2.589994	1.548556
2.593327	1.458114
2.596660	1.486457
2.599994	1.605241
2.603327	1.479769
2.606660	1.543779
2.609993	1.485183
2.613327	1.321496
2.616660	1.397926
2.619993	1.352068
2.623327	1.529130
2.626660	1.488368
2.629993	1.425950
2.633327	1.547601
2.636660	1.367354
2.639993	1.530404
2.643327	1.604605
2.646660	1.606834
2.649993	1.351113
2.653327	1.450471
2.656660	1.646322
2.659993	1.621483
2.663327	1.496648
2.666660	1.528812
2.669993	1.449198
2.673327	1.615114
2.676660	1.498558
2.679993	1.518303
2.683327	1.555244
2.686660	1.408117
2.689993	1.476903
2.693327	1.447924
2.696660	1.434867
2.699993	1.468942
2.703327	1.593459
2.706660	1.614158
2.709993	1.415441
2.713327	1.455248
2.716660	1.472126
2.719993	1.544735
2.723327	1.466076
2.726660	1.447605
2.729993	1.459707
2.733326	1.492826
2.736660	1.532952
2.739993	1.357482
2.743326	1.351431
2.746660	1.638361
2.749993	1.619890
2.753326	1.457477
2.756660	1.539321
2.759993	1.545690
2.763326	1.571485
2.766660	1.416715
2.769993	1.629126
2.773326	1.501424
2.776660	1.528175
2.779993	1.447605
2.783326	1.367673
2.786660	1.452064
2.789993	1.350157
2.793326	1.345699
2.796660	1.481043
2.799993	1.403977
2.803326	1.481999
2.806660	1.513844
2.809993	1.484546
2.813326	1.460980
2.816660	1.525627
2.819993	1.538365
2.823326	1.399518
2.826660	1.571167
2.829993	1.402384
2.833326	1.481362
2.836660	1.396334
2.839993	1.569256
2.843326	1.479769
2.846660	1.530404
2.849993	1.487731
2.853326	1.340922
2.856660	1.545372
2.859993	1.455567
2.863326	1.518621
2.866659	1.418944
2.869993	1.505564
2.873326	1.679760
2.876659	1.401111
2.879993	1.540913
2.883326	1.501106
2.886659	1.573077
2.889993	1.576899
2.893326	1.450471
2.896659	1.479451
2.899993	1.619572
2.903326	1.507794
2.906659	1.516392
2.909993	1.420536
2.913326	1.534862
2.916659	1.429453
2.919993	1.511934
2.923326	1.453337
2.926659	1.463847
2.929993	1.590911
2.933326	1.501106
2.936659	1.401111
2.939993	1.563205
2.943326	1.539002
2.946659	1.519258
2.949993	1.523716
2.953326	1.436141
2.956659	1.426587
2.959993	1.434230
2.963326	1.467986
2.966659	1.498558
2.969993	1.542505
2.973326	1.498558
2.976659	1.518940
2.979993	1.311624
2.983326	1.469579
2.986659	1.522443
2.989993	1.350157
2.993326	1.594414
2.996659	1.595369
2.999992	1.420536
3.003326	1.544735
3.006659	1.601738
3.009992	1.556836
3.013326	1.407798
3.016659	1.391238
3.019992	1.498877
3.023326	1.520850
3.026659	1.641546
3.029992	1.581676
3.033326	1.388054
3.036659	1.571167
3.039992	1.580402
3.043326	1.525309
3.046659	1.546645
3.049992	1.619572
3.053326	1.505883
3.056659	1.436778
3.059992	1.676894
3.063326	1.555562
3.066659	1.590592
3.069992	1.608744
3.073326	1.378819
3.076659	1.661608
3.079992	1.696320
3.083326	1.598872
3.086659	1.453019
3.089992	1.562568
3.093326	1.634858
3.096659	1.546964
3.099992	1.494737
3.103326	1.589637
3.106659	1.594732
3.109992	1.454293
3.113326	1.495055
3.116659	1.497285
3.119992	1.330413
3.123326	1.546327
3.126659	1.433275
3.129992	1.521487
3.133325	1.493463
3.136659	1.561931
3.139992	1.572122
3.143325	1.569256
3.146659	1.305573
3.149992	1.542824
3.153325	1.571167
3.156659	1.366399
3.159992	1.510660
3.163325	1.521487
3.166659	1.450471
3.169992	1.485183
3.173325	1.474993
3.176659	1.585816
3.179992	1.428179
3.183325	1.626260
3.186659	1.692817
3.189992	1.564160
3.193325	1.480088
3.196659	1.387098
3.199992	1.604286
3.203325	1.405569
3.206659	1.465439
3.209992	1.612566
3.213325	1.424358
3.216659	1.560976
3.219992	1.392194
3.223325	1.449516
3.226659	1.482635
3.229992	1.361622
3.233325	1.548238
3.236659	1.410346
3.239992	1.435504
3.243325	1.479769
3.246659	1.567982
3.249992	1.548556
3.253325	1.518303
3.256659	1.276275
3.259992	1.342196
3.263325	1.596962
3.266658	1.641227
3.269992	1.405569
3.273325	1.463528
3.276658	1.567345
3.279992	1.640909
3.283325	1.627533
3.286658	1.538047
3.289992	1.524672
3.293325	1.538047
3.296658	1.292517
3.299992	1.577536
3.303325	1.416078
3.306658	1.417989
3.309992	1.618935
3.313325	1.628489
3.316658	1.546327
3.319992	1.541550
3.323325	1.574351
3.326658	1.428498
3.329992	1.580402
3.333325	1.509067
3.336658	1.670525
3.339992	1.494100
3.343325	1.632629
3.346658	1.598554
3.349992	1.372449
3.353325	1.353979
3.356658	1.470216
3.359992	1.509067
3.363325	1.488368
3.366658	1.536455
3.369992	1.512889
3.373325	1.552378
3.376658	1.580083
3.379992	1.409390
3.383325	1.393786
3.386658	1.497603
3.389992	1.472126
3.393325	1.542824
3.396658	1.431682
3.399991	1.397926
3.403325	1.499195
3.406658	1.484228
3.409991	1.407480
3.413325	1.441555
3.416658	1.387417
3.419991	1.581039
3.423325	1.534544
3.426658	1.601738
3.429991	1.424039
3.433325	1.568937
3.436658	1.360348
3.439991	1.328821
3.443325	1.415123
3.446658	1.425632
3.449991	1.431045
3.453325	1.574033
3.456658	1.560657
3.459991	1.548238
3.463325	1.537410
3.466658	1.483272
3.469991	1.537092
3.473325	1.533270
3.476658	1.436141
3.479991	1.441236
3.483325	1.513207
3.486658	1.391875
3.489991	1.522761
3.493325	1.432319
3.496658	1.532952
3.499991	1.573714
3.503325	1.471171
3.506658	1.715428
3.509991	1.329458
3.513325	1.549193
3.516658	1.428816
3.519991	1.489642
3.523325	1.556518
3.526658	1.584542
3.529991	1.531041
3.533324	1.513844
3.536658	1.534862
3.539991	1.511934
3.543324	1.423402
3.546658	1.493145
3.549991	1.567982
3.553324	1.467986
3.556658	1.525309
3.559991	1.610974
3.563324	1.609700
3.566658	1.514800
3.569991	1.553651
3.573324	1.635813
3.576658	1.582949
3.579991	1.581994
3.583324	1.547601
3.586658	1.500469
3.589991	1.520850
3.593324	1.560657
3.596658	1.463847
3.599991	1.430090
3.603324	1.490915
3.606658	1.512889
3.609991	1.583905
3.613324	1.595369
3.616658	1.449198
3.619991	1.487412
3.623324	1.570211
3.626658	1.465757
3.629991	1.452382
3.633324	1.539639
3.636658	1.534862
3.639991	1.343470
3.643324	1.265766
3.646658	1.452701
3.649991	1.573714
3.653324	1.590592
3.656658	1.443784
3.659991	1.396334
3.663324	1.586771
3.666657	1.643138
3.669991	1.469260
3.673324	1.544098
3.676657	1.563205
3.679991	1.482635
3.683324	1.508112
3.686657	1.577854
3.689991	1.523716
3.693324	1.481362
3.696657	1.457159
3.699991	1.552378
3.703324	1.525946
3.706657	1.440599
3.709991	1.523716
3.713324	1.562250
3.716657	1.575306
3.719991	1.483909
3.723324	1.436778
3.726657	1.400474
3.729991	1.371176
3.733324	1.354616
3.736657	1.460980
3.739991	1.529130
3.743324	1.514481
3.746657	1.306529
3.749991	1.505883
3.753324	1.558747
3.756657	1.352068
3.759991	1.542187
3.763324	1.478177
3.766657	1.449516
3.769991	1.366399
3.773324	1.410346
3.776657	1.538365
3.779991	1.531041
3.783324	1.581676
3.786657	1.561294
3.789991	1.550148
3.793324	1.675939
3.796657	1.515118
3.799990	1.369583
3.803324	1.302389
3.806657	1.447605
3.809990	1.434867
3.813324	1.410983
3.816657	1.610337
3.819990	1.462891
3.823324	1.376271
3.826657	1.441236
3.829990	1.625623
3.833324	1.546964
3.836657	1.566071
3.839990	1.632629
3.843324	1.573396
3.846657	1.426269
3.849990	1.514481
3.853324	1.392194
3.856657	1.303026
3.859990	1.522761
3.863324	1.540595
3.866657	1.487412
3.869990	1.462573
3.873324	1.488686
3.876657	1.548238
3.879990	1.333916
3.883324	1.446013
3.886657	1.376589
3.889990	1.471171
3.893324	1.525946
3.896657	1.371812
3.899990	1.393468
3.903324	1.437415
3.906657	1.457796
3.909990	1.616069
3.913324	1.495692
3.916657	1.533270
3.919990	1.366717
3.923324	1.426587
3.926657	1.372131
3.929990	1.493781
3.933323	1.481362
3.936657	1.394741
3.939990	1.381048
3.943323	1.552696
3.946657	1.493781
3.949990	1.548875
3.953323	1.667659
3.956657	1.551422
3.959990	1.605560
3.963323	1.624349
3.966657	1.485502
3.969990	1.523080
3.973323	1.424995
3.976657	1.576262
3.979990	1.565116
3.983323	1.440599
3.986657	1.632629
3.989990	1.382640
3.993323	1.576899
3.996657	1.328502
3.999990	1.546645
4.003323	1.523398
4.006657	1.359711
4.009990	1.474993
4.013323	1.613840
4.016657	1.679442
4.019990	1.481362
4.023323	1.533589
4.026657	1.512889
4.029990	1.517984
4.033323	1.553651
4.036657	1.516073
4.039990	1.610655
4.043323	1.670525
4.046657	1.631036
4.049990	1.499514
4.053323	1.503654
4.056657	1.443147
4.059990	1.504291
4.063323	1.544735
4.066656	1.341877
4.069990	1.573396
4.073323	1.684537
4.076656	1.547282
4.079990	1.532952
4.083323	1.346017
4.086656	1.635176
4.089990	1.412256
4.093323	1.514800
4.096656	1.503654
4.099990	1.513526
4.103323	1.337738
4.106656	1.558747
4.109990	1.495055
4.113323	1.554925
4.116656	1.553014
4.119990	1.485820
4.123323	1.418626
4.126656	1.496011
4.129990	1.502698
4.133323	1.495692
4.136656	1.528175
4.139990	1.623393
4.143323	1.436141
4.146656	1.384232
4.149990	1.453337
4.153323	1.610655
4.156656	1.472445
4.159990	1.546327
4.163323	1.591548
4.166656	1.507794
4.169990	1.533270
4.173323	1.314809
4.176656	1.591229
4.179990	1.596962
4.183323	1.549193
4.186656	1.471808
4.189990	1.515437
4.193323	1.532315
4.196656	1.459388
4.199990	1.390283
4.203323	1.527538
4.206656	1.434867
4.209989	1.334553
4.213323	1.360985
4.216656	1.458433
4.219989	1.474356
4.223323	1.443784
4.226656	1.439962
4.229989	1.469579
4.233323	1.498558
4.236656	1.574033
4.239989	1.500469
4.243323	1.460662
4.246656	1.517984
4.249989	1.450471
4.253323	1.404932
4.256656	1.582313
4.259989	1.600146
4.263323	1.594414
4.266656	1.446968
4.269989	1.407798
4.273323	1.448879
4.276656	1.530086
4.279989	1.446650
4.283323	1.499832
4.286656	1.595369
4.289989	1.525627
4.293323	1.617980
4.296656	1.542824
4.299989	1.393786
4.303323	1.277868
4.306656	1.513844
4.309989	1.525946
4.313323	1.565753
4.316656	1.525627
4.319989	1.407480
4.323323	1.517347
4.326656	1.498558
4.329989	1.534226
4.333322	1.448561
4.336656	1.555562
4.339989	1.519258
4.343322	1.487094
4.346656	1.452382
4.349989	1.597280
4.353322	1.463847
4.356656	1.620527
4.359989	1.333598
4.363322	1.426906
4.366656	1.370220
4.369989	1.564479
4.373322	1.406524
4.376656	1.430090
4.379989	1.543779
4.383322	1.485183
4.386656	1.529767
4.389989	1.597598
4.393322	1.462891
4.396656	1.545372
4.399989	1.510660
4.403322	1.507794
4.406656	1.476585
4.409989	1.611929
4.413322	1.494100
4.416656	1.484546
4.419989	1.537092
4.423322	1.560021
4.426656	1.517347
4.429989	1.510341
4.433322	1.518303
4.436656	1.495374
4.439989	1.561613
4.443322	1.427224
4.446656	1.364806
4.449989	1.531041
4.453322	1.604286
4.456656	1.449198
4.459989	1.403021
4.463322	1.578810
4.466655	1.637724
4.469989	1.484228
4.473322	1.281052
4.476655	1.535181
4.479989	1.576262
4.483322	1.545690
4.486655	1.448561
4.489989	1.534226
4.493322	1.611929
4.496655	1.493781
4.499989	1.463210
4.503322	1.429453
4.506655	1.525946
4.509989	1.566071
4.513322	1.369902
4.516655	1.527538
4.519989	1.399518
4.523322	1.472126
4.526655	1.509067
4.529989	1.538684
4.533322	1.507157
4.536655	1.561613
4.539989	1.476903
4.543322	1.439644
4.546655	1.436778
4.549989	1.485183
4.553322	1.538365
4.556655	1.462891
4.559989	1.420855
4.563322	1.476585
4.566655	1.541232
4.569989	1.394741
4.573322	1.466076
4.576655	1.347928
4.579989	1.492826
4.583322	1.552696
4.586655	1.547919
4.589989	1.502698
4.593322	1.577217
4.596655	1.525946
4.599988	1.425313
4.603322	1.455885
4.606655	1.377863
4.609988	1.444102
4.613322	1.491871
4.616655	1.477540
4.619988	1.458433
4.623322	1.611929
4.626655	1.540276
4.629988	1.687403
4.633322	1.540595
4.636655	1.372449
4.639988	1.539321
4.643322	1.604605
4.646655	1.534544
4.649988	1.527219
4.653322	1.518303
4.656655	1.476903
4.659988	1.468942
4.663322	1.380411
4.666655	1.628170
4.669988	1.520532
4.673322	1.491234
4.676655	1.506201
4.679988	1.489323
4.683322	1.452064
4.686655	1.474993
4.689988	1.589956
4.693322	1.434867
4.696655	1.397607
4.699988	1.436141
4.703322	1.550148
4.706655	1.443147
4.709988	1.436141
4.713322	1.494100
4.716655	1.607152
4.719988	1.652692
4.723322	1.536136
4.726655	1.403340
4.729988	1.479769
4.733321	1.656831
4.736655	1.467668
4.739988	1.471808
4.743321	1.530404
4.746655	1.529449
4.749988	1.470534
4.753321	1.611292
4.756655	1.545372
4.759988	1.272772
4.763321	1.603649
4.766655	1.615432
4.769988	1.478814
4.773321	1.395378
4.776655	1.555562
4.779988	1.334871
4.783321	1.531041
4.786655	1.638679
4.789988	1.431682
4.793321	1.464165
4.796655	1.444739
4.799988	1.325636
4.803321	1.515755
4.806655	1.539958
4.809988	1.350794
4.813321	1.369265
4.816655	1.531678
4.819988	1.628807
4.823321	1.618617
4.826655	1.416078
4.829988	1.546327
4.833321	1.553970
4.836655	1.328821
4.839988	1.348247
4.843321	1.300160
4.846655	1.486457
4.849988	1.530722
4.853321	1.503654
4.856655	1.574351
4.859988	1.413530
4.863321	1.430409
4.866655	1.443784
4.869988	1.507794
4.873321	1.518621
4.876654	1.550467
4.879988	1.457477
4.883321	1.548556
4.886654	1.390601
4.889988	1.535499
4.893321	1.552059
4.896654	1.562250
4.899988	1.506838
4.903321	1.582949
4.906654	1.509067
4.909988	1.578173
4.913321	1.284555
4.916654	1.576262
4.919988	1.557791
4.923321	1.510023
4.926654	1.497285
4.929988	1.517984
4.933321	1.622757
4.936654	1.474674
4.939988	1.425950
4.943321	1.422447
4.946654	1.475629
4.949988	1.499514
4.953321	1.580083
4.956654	1.582631
4.959988	1.553651
4.963321	1.476903
4.966654	1.535181
4.969988	1.429772
4.973321	1.620527
4.976654	1.528493
4.979988	1.349520
4.983321	1.467668
4.986654	1.486139
4.989988	1.561931
4.993321	1.456522
4.996654	1.645049

