LabVIEW Measurement	
Writer_Version	2
Reader_Version	2
Separator	Tab
Decimal_Separator	.
Multi_Headings	Yes
X_Columns	One
Time_Pref	Absolute
Operator	labuser
Date	2019/05/16
Time	10:53:58.158709024999919809
***End_of_Header***	
	
Channels	1	
Samples	1500	
Date	2019/05/16	
Time	11:08:36.98158252499949373	
Y_Unit_Label	Volts	
X_Dimension	Time	
X0	0.0000000000000000E+0	
Delta_X	0.003333	
***End_of_Header***		
X_Value	Voltage	Comment
0.000000	1.613203
0.003333	1.745044
0.006667	1.632310
0.010000	1.605560
0.013333	1.523398
0.016667	1.698231
0.020000	1.632629
0.023333	1.633584
0.026667	1.749502
0.030000	1.686766
0.033333	1.726574
0.036667	1.668614
0.040000	1.640590
0.043333	1.733580
0.046667	1.683900
0.050000	1.507794
0.053333	1.710651
0.056667	1.759693
0.060000	1.500151
0.063333	1.572440
0.066666	1.612566
0.070000	1.643775
0.073333	1.769565
0.076666	1.705874
0.080000	1.439007
0.083333	1.596325
0.086666	1.689314
0.090000	1.593459
0.093333	1.537729
0.096666	1.717975
0.100000	1.675620
0.103333	1.558110
0.106666	1.561613
0.110000	1.719249
0.113333	1.721160
0.116666	1.501424
0.120000	1.689633
0.123333	1.740904
0.126666	1.660653
0.130000	1.686130
0.133333	1.667341
0.136666	1.653328
0.140000	1.727210
0.143333	1.679442
0.146666	1.706192
0.150000	1.687085
0.153333	1.748547
0.156666	1.661608
0.160000	1.701097
0.163333	1.684219
0.166666	1.575943
0.170000	1.492508
0.173333	1.651099
0.176666	1.736446
0.180000	1.574351
0.183333	1.677850
0.186666	1.711925
0.190000	1.599828
0.193333	1.721160
0.196666	1.703008
0.199999	1.726892
0.203333	1.775934
0.206666	1.753642
0.209999	1.691543
0.213333	1.597917
0.216666	1.650781
0.219999	1.692817
0.223333	1.701415
0.226666	1.585179
0.229999	1.747592
0.233333	1.646959
0.236666	1.544098
0.239999	1.666385
0.243333	1.772750
0.246666	1.759056
0.249999	1.694728
0.253333	1.646004
0.256666	1.740586
0.259999	1.651418
0.263333	1.470216
0.266666	1.620527
0.269999	1.686448
0.273333	1.727529
0.276666	1.629126
0.279999	1.715746
0.283333	1.605241
0.286666	1.722752
0.289999	1.677213
0.293333	1.723389
0.296666	1.561931
0.299999	1.681353
0.303333	1.743133
0.306666	1.657787
0.309999	1.650781
0.313333	1.754916
0.316666	1.637406
0.319999	1.590911
0.323333	1.697912
0.326666	1.717020
0.329999	1.743770
0.333332	1.652692
0.336666	1.554925
0.339999	1.652055
0.343332	1.745999
0.346666	1.684537
0.349999	1.700460
0.353332	1.702371
0.356666	1.606834
0.359999	1.684537
0.363332	1.652373
0.366666	1.686130
0.369999	1.593459
0.373332	1.605560
0.376666	1.656513
0.379999	1.712880
0.383332	1.681990
0.386666	1.655239
0.389999	1.697594
0.393332	1.559384
0.396666	1.754916
0.399999	1.611929
0.403332	1.688677
0.406666	1.682945
0.409999	1.750776
0.413332	1.692180
0.416666	1.577854
0.419999	1.688359
0.423332	1.570211
0.426666	1.567664
0.429999	1.722434
0.433332	1.735490
0.436666	1.639953
0.439999	1.646641
0.443332	1.732943
0.446666	1.698549
0.449999	1.683263
0.453332	1.584860
0.456666	1.730395
0.459999	1.672436
0.463332	1.559065
0.466665	1.654602
0.469999	1.719568
0.473332	1.725300
0.476665	1.772750
0.479999	1.632947
0.483332	1.695365
0.486665	1.713198
0.489999	1.731669
0.493332	1.720204
0.496665	1.661608
0.499999	1.708103
0.503332	1.611929
0.506665	1.708740
0.509999	1.579446
0.513332	1.653328
0.516665	1.717020
0.519999	1.711925
0.523332	1.558110
0.526665	1.715428
0.529999	1.714154
0.533332	1.603649
0.536665	1.696957
0.539999	1.728166
0.543332	1.744726
0.546665	1.560339
0.549999	1.688040
0.553332	1.762878
0.556665	1.629126
0.559999	1.707466
0.563332	1.671799
0.566665	1.682308
0.569999	1.558428
0.573332	1.713835
0.576665	1.733580
0.579999	1.685811
0.583332	1.652055
0.586665	1.606834
0.589999	1.567664
0.593332	1.539958
0.596665	1.594414
0.599998	1.682626
0.603332	1.661927
0.606665	1.602375
0.609998	1.531041
0.613332	1.686448
0.616665	1.520532
0.619998	1.483272
0.623332	1.604923
0.626665	1.623075
0.629998	1.733580
0.633332	1.684537
0.636665	1.673710
0.639998	1.696957
0.643332	1.754598
0.646665	1.599509
0.649998	1.694091
0.653332	1.742815
0.656665	1.726574
0.659998	1.692499
0.663332	1.642501
0.666665	1.753961
0.669998	1.710332
0.673332	1.687085
0.676665	1.602694
0.679998	1.703963
0.683332	1.598872
0.686665	1.620846
0.689998	1.635495
0.693332	1.671799
0.696665	1.681353
0.699998	1.743770
0.703332	1.656513
0.706665	1.547282
0.709998	1.684856
0.713332	1.657150
0.716665	1.660334
0.719998	1.736127
0.723332	1.686130
0.726665	1.730395
0.729998	1.642182
0.733331	1.730395
0.736665	1.702689
0.739998	1.618935
0.743331	1.400474
0.746665	1.679760
0.749998	1.710651
0.753331	1.680716
0.756665	1.622120
0.759998	1.621801
0.763331	1.569574
0.766665	1.679123
0.769998	1.725300
0.773331	1.646959
0.776665	1.662882
0.779998	1.689951
0.783331	1.771794
0.786665	1.671480
0.789998	1.666385
0.793331	1.674347
0.796665	1.724663
0.799998	1.614795
0.803331	1.705555
0.806665	1.703963
0.809998	1.711606
0.813331	1.574988
0.816665	1.711925
0.819998	1.626260
0.823331	1.541232
0.826665	1.654284
0.829998	1.701097
0.833331	1.636132
0.836665	1.538047
0.839998	1.680079
0.843331	1.710014
0.846665	1.592185
0.849998	1.628489
0.853331	1.737083
0.856665	1.774342
0.859998	1.696002
0.863331	1.510023
0.866664	1.710014
0.869998	1.658105
0.873331	1.625941
0.876664	1.678487
0.879998	1.742815
0.883331	1.537410
0.886664	1.670525
0.889998	1.650462
0.893331	1.678805
0.896664	1.602057
0.899998	1.630081
0.903331	1.550148
0.906664	1.667022
0.909998	1.723389
0.913331	1.668296
0.916664	1.707148
0.919998	1.704918
0.923331	1.676576
0.926664	1.734535
0.929998	1.786125
0.933331	1.572440
0.936664	1.427224
0.939998	1.716064
0.943331	1.758738
0.946664	1.723389
0.949998	1.671162
0.953331	1.618298
0.956664	1.735490
0.959998	1.699823
0.963331	1.680079
0.966664	1.662564
0.969998	1.486457
0.973331	1.530722
0.976664	1.575943
0.979998	1.648870
0.983331	1.717657
0.986664	1.787717
0.989998	1.612247
0.993331	1.580083
0.996664	1.721797
0.999997	1.546964
1.003331	1.526264
1.006664	1.662882
1.009997	1.717975
1.013331	1.631673
1.016664	1.637087
1.019997	1.614795
1.023331	1.650144
1.026664	1.717338
1.029997	1.723389
1.033331	1.619572
1.036664	1.587408
1.039997	1.732306
1.043331	1.732306
1.046664	1.647278
1.049997	1.696002
1.053331	1.707466
1.056664	1.721160
1.059997	1.564797
1.063331	1.694728
1.066664	1.663201
1.069997	1.752050
1.073331	1.642501
1.076664	1.669251
1.079997	1.571803
1.083331	1.636132
1.086664	1.588363
1.089997	1.557154
1.093331	1.606197
1.096664	1.697594
1.099997	1.661608
1.103331	1.674028
1.106664	1.698868
1.109997	1.712561
1.113331	1.637406
1.116664	1.639316
1.119997	1.613521
1.123331	1.544098
1.126664	1.662564
1.129997	1.691543
1.133331	1.652373
1.136664	1.706192
1.139997	1.681671
1.143330	1.681671
1.146664	1.657150
1.149997	1.671480
1.153330	1.640272
1.156664	1.639953
1.159997	1.706511
1.163330	1.575306
1.166664	1.721478
1.169997	1.613521
1.173330	1.611611
1.176664	1.745044
1.179997	1.661608
1.183330	1.716064
1.186664	1.568937
1.189997	1.732943
1.193330	1.707148
1.196664	1.670844
1.199997	1.653965
1.203330	1.742496
1.206664	1.759693
1.209997	1.631673
1.213330	1.564797
1.216664	1.686130
1.219997	1.686130
1.223330	1.503335
1.226664	1.657787
1.229997	1.722434
1.233330	1.750776
1.236664	1.669570
1.239997	1.583586
1.243330	1.750458
1.246664	1.674347
1.249997	1.732943
1.253330	1.670207
1.256664	1.723071
1.259997	1.725300
1.263330	1.666385
1.266663	1.613203
1.269997	1.588363
1.273330	1.567345
1.276663	1.663519
1.279997	1.728484
1.283330	1.745044
1.286663	1.693454
1.289997	1.675939
1.293330	1.666067
1.296663	1.737083
1.299997	1.748229
1.303330	1.621164
1.306663	1.744726
1.309997	1.668933
1.313330	1.731350
1.316663	1.688996
1.319997	1.627215
1.323330	1.629126
1.326663	1.710014
1.329997	1.667341
1.333330	1.625304
1.336663	1.704282
1.339997	1.646004
1.343330	1.653010
1.346663	1.743133
1.349997	1.679760
1.353330	1.688359
1.356663	1.660016
1.359997	1.526901
1.363330	1.377863
1.366663	1.387098
1.369997	1.438688
1.373330	1.724663
1.376663	1.734217
1.379997	1.668933
1.383330	1.603968
1.386663	1.740904
1.389997	1.694728
1.393330	1.565116
1.396663	1.473400
1.399996	1.643456
1.403330	1.751413
1.406663	1.656831
1.409996	1.678805
1.413330	1.595051
1.416663	1.583586
1.419996	1.740586
1.423330	1.718612
1.426663	1.609381
1.429996	1.659061
1.433330	1.784533
1.436663	1.726892
1.439996	1.674347
1.443330	1.365443
1.446663	1.762559
1.449996	1.582949
1.453330	1.577217
1.456663	1.671799
1.459996	1.664474
1.463330	1.741859
1.466663	1.546327
1.469996	1.548875
1.473330	1.727847
1.476663	1.659379
1.479996	1.720841
1.483330	1.674984
1.486663	1.670525
1.489996	1.479132
1.493330	1.672117
1.496663	1.590274
1.499996	1.674028
1.503330	1.665430
1.506663	1.729758
1.509996	1.642182
1.513330	1.693454
1.516663	1.710969
1.519996	1.738993
1.523330	1.712243
1.526663	1.684856
1.529996	1.699186
1.533330	1.629444
1.536663	1.589000
1.539996	1.689314
1.543329	1.766062
1.546663	1.660971
1.549996	1.713198
1.553329	1.714472
1.556663	1.728803
1.559996	1.708422
1.563329	1.607152
1.566663	1.655876
1.569996	1.677531
1.573329	1.619254
1.576663	1.652055
1.579996	1.581994
1.583329	1.698868
1.586663	1.704918
1.589996	1.612566
1.593329	1.716701
1.596663	1.583586
1.599996	1.659698
1.603329	1.636132
1.606663	1.750776
1.609996	1.691862
1.613329	1.646004
1.616663	1.725300
1.619996	1.697594
1.623329	1.692499
1.626663	1.729121
1.629996	1.705555
1.633329	1.657150
1.636663	1.750139
1.639996	1.720523
1.643329	1.601420
1.646663	1.662882
1.649996	1.733580
1.653329	1.648233
1.656663	1.684537
1.659996	1.405569
1.663329	1.720523
1.666662	1.623075
1.669996	1.626260
1.673329	1.682626
1.676662	1.683263
1.679996	1.663201
1.683329	1.681671
1.686662	1.687085
1.689996	1.646004
1.693329	1.600146
1.696662	1.554607
1.699996	1.595369
1.703329	1.719568
1.706662	1.653010
1.709996	1.702052
1.713329	1.568300
1.716662	1.621801
1.719996	1.548556
1.723329	1.635495
1.726662	1.520532
1.729996	1.703008
1.733329	1.764788
1.736662	1.704600
1.739996	1.708740
1.743329	1.705237
1.746662	1.720204
1.749996	1.713835
1.753329	1.646959
1.756662	1.693454
1.759996	1.646004
1.763329	1.677213
1.766662	1.533270
1.769996	1.678487
1.773329	1.702052
1.776662	1.677531
1.779996	1.482317
1.783329	1.731669
1.786662	1.712561
1.789996	1.659061
1.793329	1.700460
1.796662	1.628489
1.799995	1.583905
1.803329	1.736127
1.806662	1.727210
1.809995	1.686130
1.813329	1.644412
1.816662	1.641227
1.819995	1.652055
1.823329	1.754916
1.826662	1.655239
1.829995	1.511297
1.833329	1.729121
1.836662	1.736764
1.839995	1.677850
1.843329	1.722115
1.846662	1.688359
1.849995	1.757782
1.853329	1.581676
1.856662	1.709695
1.859995	1.711925
1.863329	1.599191
1.866662	1.760012
1.869995	1.708103
1.873329	1.618298
1.876662	1.659379
1.879995	1.652055
1.883329	1.639953
1.886662	1.643775
1.889995	1.614158
1.893329	1.753642
1.896662	1.666385
1.899995	1.631036
1.903329	1.725300
1.906662	1.614477
1.909995	1.675939
1.913329	1.623393
1.916662	1.640272
1.919995	1.747273
1.923329	1.703326
1.926662	1.645685
1.929995	1.711925
1.933329	1.708740
1.936662	1.717020
1.939995	1.716383
1.943328	1.642819
1.946662	1.659061
1.949995	1.743133
1.953328	1.748547
1.956662	1.696002
1.959995	1.734217
1.963328	1.713517
1.966662	1.687722
1.969995	1.704600
1.973328	1.639316
1.976662	1.658105
1.979995	1.738675
1.983328	1.681671
1.986662	1.635495
1.989995	1.679760
1.993328	1.684219
1.996662	1.723071
1.999995	1.767655
2.003328	1.623075
2.006662	1.758101
2.009995	1.762559
2.013328	1.691225
2.016662	1.720204
2.019995	1.692817
2.023328	1.701734
2.026662	1.735172
2.029995	1.551104
2.033328	1.686130
2.036662	1.745044
2.039995	1.728803
2.043328	1.521487
2.046662	1.691225
2.049995	1.755235
2.053328	1.753324
2.056662	1.635176
2.059995	1.611611
2.063328	1.753961
2.066661	1.703008
2.069995	1.626578
2.073328	1.685493
2.076661	1.728166
2.079995	1.737720
2.083328	1.548875
2.086661	1.631355
2.089995	1.738993
2.093328	1.712561
2.096661	1.579128
2.099995	1.561931
2.103328	1.635813
2.106661	1.699186
2.109995	1.639635
2.113328	1.745044
2.116661	1.639635
2.119995	1.710651
2.123328	1.748866
2.126661	1.616069
2.129995	1.537410
2.133328	1.649825
2.136661	1.735490
2.139995	1.582949
2.143328	1.462254
2.146661	1.471808
2.149995	1.704600
2.153328	1.620209
2.156661	1.567664
2.159995	1.643138
2.163328	1.750776
2.166661	1.604286
2.169995	1.536773
2.173328	1.681671
2.176661	1.630081
2.179995	1.736446
2.183328	1.667022
2.186661	1.724663
2.189995	1.723389
2.193328	1.754598
2.196661	1.655239
2.199994	1.492189
2.203328	1.686448
2.206661	1.677213
2.209994	1.661608
2.213328	1.703963
2.216661	1.605241
2.219994	1.594095
2.223328	1.694091
2.226661	1.690269
2.229994	1.718612
2.233328	1.713517
2.236661	1.635176
2.239994	1.720204
2.243328	1.647915
2.246661	1.564479
2.249994	1.353342
2.253328	1.502061
2.256661	1.672436
2.259994	1.726255
2.263328	1.711288
2.266661	1.734217
2.269994	1.676576
2.273328	1.653328
2.276661	1.713198
2.279994	1.672117
2.283328	1.730395
2.286661	1.693772
2.289994	1.703008
2.293328	1.646641
2.296661	1.664156
2.299994	1.703326
2.303328	1.722115
2.306661	1.658424
2.309994	1.699186
2.313328	1.583905
2.316661	1.707785
2.319994	1.703008
2.323328	1.652373
2.326661	1.696957
2.329994	1.662564
2.333327	1.588363
2.336661	1.700779
2.339994	1.568300
2.343327	1.653010
2.346661	1.522443
2.349994	1.722115
2.353327	1.556518
2.356661	1.718294
2.359994	1.610974
2.363327	1.713198
2.366661	1.599191
2.369994	1.671480
2.373327	1.741541
2.376661	1.702052
2.379994	1.521806
2.383327	1.672117
2.386661	1.659061
2.389994	1.516392
2.393327	1.532315
2.396661	1.705555
2.399994	1.722434
2.403327	1.653010
2.406661	1.713517
2.409994	1.724981
2.413327	1.685811
2.416661	1.685493
2.419994	1.661290
2.423327	1.619890
2.426661	1.678487
2.429994	1.721478
2.433327	1.683900
2.436661	1.619890
2.439994	1.660653
2.443327	1.702371
2.446661	1.600465
2.449994	1.714791
2.453327	1.712243
2.456661	1.684856
2.459994	1.624986
2.463327	1.690269
2.466660	1.709058
2.469994	1.610655
2.473327	1.640272
2.476660	1.741859
2.479994	1.662882
2.483327	1.710014
2.486660	1.538684
2.489994	1.646959
2.493327	1.631992
2.496660	1.539321
2.499994	1.634539
2.503327	1.570530
2.506660	1.515755
2.509994	1.664793
2.513327	1.734853
2.516660	1.659379
2.519994	1.580402
2.523327	1.723389
2.526660	1.618935
2.529994	1.617980
2.533327	1.694409
2.536660	1.622757
2.539994	1.648870
2.543327	1.652373
2.546660	1.651418
2.549994	1.666067
2.553327	1.684856
2.556660	1.699823
2.559994	1.709695
2.563327	1.633584
2.566660	1.677213
2.569994	1.689314
2.573327	1.689633
2.576660	1.646641
2.579994	1.677850
2.583327	1.595369
2.586660	1.698549
2.589994	1.700460
2.593327	1.695046
2.596660	1.707148
2.599994	1.741541
2.603327	1.667341
2.606660	1.671480
2.609993	1.611929
2.613327	1.688677
2.616660	1.774979
2.619993	1.721160
2.623327	1.573714
2.626660	1.711925
2.629993	1.575625
2.633327	1.653010
2.636660	1.756190
2.639993	1.677213
2.643327	1.647915
2.646660	1.571167
2.649993	1.667022
2.653327	1.729758
2.656660	1.643138
2.659993	1.758419
2.663327	1.398881
2.666660	1.549193
2.669993	1.610655
2.673327	1.554607
2.676660	1.736764
2.679993	1.700460
2.683327	1.514481
2.686660	1.679442
2.689993	1.693136
2.693327	1.725618
2.696660	1.715109
2.699993	1.697594
2.703327	1.671480
2.706660	1.704600
2.709993	1.588363
2.713327	1.710014
2.716660	1.532633
2.719993	1.719886
2.723327	1.636132
2.726660	1.712243
2.729993	1.625623
2.733326	1.580720
2.736660	1.638998
2.739993	1.694728
2.743326	1.633903
2.746660	1.530086
2.749993	1.680716
2.753326	1.686766
2.756660	1.723707
2.759993	1.633903
2.763326	1.684856
2.766660	1.567982
2.769993	1.608108
2.773326	1.724026
2.776660	1.677531
2.779993	1.623075
2.783326	1.699505
2.786660	1.701734
2.789993	1.756509
2.793326	1.614795
2.796660	1.613203
2.799993	1.624667
2.803326	1.565753
2.806660	1.631355
2.809993	1.728166
2.813326	1.679760
2.816660	1.631673
2.819993	1.539321
2.823326	1.710014
2.826660	1.752050
2.829993	1.710651
2.833326	1.567982
2.836660	1.695046
2.839993	1.775616
2.843326	1.710969
2.846660	1.632947
2.849993	1.688996
2.853326	1.786125
2.856660	1.614477
2.859993	1.650144
2.863326	1.717975
2.866659	1.697594
2.869993	1.515437
2.873326	1.724344
2.876659	1.703645
2.879993	1.672754
2.883326	1.632947
2.886659	1.738356
2.889993	1.683900
2.893326	1.693136
2.896659	1.725618
2.899993	1.727847
2.903326	1.664474
2.906659	1.685493
2.909993	1.659061
2.913326	1.542824
2.916659	1.710014
2.919993	1.734853
2.923326	1.700779
2.926659	1.753005
2.929993	1.544098
2.933326	1.669251
2.936659	1.761285
2.939993	1.729121
2.943326	1.717020
2.946659	1.703008
2.949993	1.745681
2.953326	1.682626
2.956659	1.732624
2.959993	1.731669
2.963326	1.712561
2.966659	1.664156
2.969993	1.724344
2.973326	1.693454
2.976659	1.582631
2.979993	1.561613
2.983326	1.722752
2.986659	1.744407
2.989993	1.683582
2.993326	1.734217
2.996659	1.629126
2.999992	1.657787
3.003326	1.574988
3.006659	1.631036
3.009992	1.736764
3.013326	1.750139
3.016659	1.662245
3.019992	1.740586
3.023326	1.735490
3.026659	1.702371
3.029992	1.681990
3.033326	1.652373
3.036659	1.676257
3.039992	1.758738
3.043326	1.725300
3.046659	1.671799
3.049992	1.717338
3.053326	1.659698
3.056659	1.641864
3.059992	1.698231
3.063326	1.728803
3.066659	1.633584
3.069992	1.667977
3.073326	1.681671
3.076659	1.763833
3.079992	1.623393
3.083326	1.637087
3.086659	1.730713
3.089992	1.758738
3.093326	1.722115
3.096659	1.701734
3.099992	1.627215
3.103326	1.696002
3.106659	1.724663
3.109992	1.631673
3.113326	1.594414
3.116659	1.542505
3.119992	1.639953
3.123326	1.745999
3.126659	1.705555
3.129992	1.642182
3.133325	1.654602
3.136659	1.761604
3.139992	1.710332
3.143325	1.677213
3.146659	1.548875
3.149992	1.724981
3.153325	1.646004
3.156659	1.597280
3.159992	1.727847
3.163325	1.682308
3.166659	1.681353
3.169992	1.611611
3.173325	1.752050
3.176659	1.661290
3.179992	1.722434
3.183325	1.646004
3.186659	1.744726
3.189992	1.710332
3.193325	1.644730
3.196659	1.715746
3.199992	1.769884
3.203325	1.688996
3.206659	1.736127
3.209992	1.722434
3.213325	1.494418
3.216659	1.635495
3.219992	1.631355
3.223325	1.690269
3.226659	1.729440
3.229992	1.642182
3.233325	1.698868
3.236659	1.614158
3.239992	1.631673
3.243325	1.508749
3.246659	1.570211
3.249992	1.586452
3.253325	1.636450
3.256659	1.677531
3.259992	1.735172
3.263325	1.635813
3.266658	1.574351
3.269992	1.641227
3.273325	1.663838
3.276658	1.748866
3.279992	1.791220
3.283325	1.701734
3.286658	1.700142
3.289992	1.692817
3.293325	1.727847
3.296658	1.639316
3.299992	1.701097
3.303325	1.686130
3.306658	1.661290
3.309992	1.627852
3.313325	1.724981
3.316658	1.717975
3.319992	1.698231
3.323325	1.642182
3.326658	1.628170
3.329992	1.707148
3.333325	1.557473
3.336658	1.515437
3.339992	1.740586
3.343325	1.665111
3.346658	1.686448
3.349992	1.666385
3.353325	1.687085
3.356658	1.610655
3.359992	1.635495
3.363325	1.635813
3.366658	1.689314
3.369992	1.765744
3.373325	1.648233
3.376658	1.623393
3.379992	1.615114
3.383325	1.708103
3.386658	1.763833
3.389992	1.608744
3.393325	1.702052
3.396658	1.773705
3.399991	1.660653
3.403325	1.692817
3.406658	1.639953
3.409991	1.586771
3.413325	1.608744
3.416658	1.613840
3.419991	1.669570
3.423325	1.770202
3.426658	1.680079
3.429991	1.503017
3.433325	1.589000
3.436658	1.772431
3.439991	1.701415
3.443325	1.500469
3.446658	1.689951
3.449991	1.776890
3.453325	1.721797
3.456658	1.611292
3.459991	1.575625
3.463325	1.705874
3.466658	1.747592
3.469991	1.619254
3.473325	1.683582
3.476658	1.693772
3.479991	1.577536
3.483325	1.664474
3.486658	1.699505
3.489991	1.680716
3.493325	1.708740
3.496658	1.791539
3.499991	1.636450
3.503325	1.680079
3.506658	1.731350
3.509991	1.749184
3.513325	1.642501
3.516658	1.626260
3.519991	1.666385
3.523325	1.736127
3.526658	1.646959
3.529991	1.690588
3.533324	1.663838
3.536658	1.560976
3.539991	1.691543
3.543324	1.785170
3.546658	1.487412
3.549991	1.612247
3.553324	1.606515
3.556658	1.720841
3.559991	1.698231
3.563324	1.739312
3.566658	1.679760
3.569991	1.740586
3.573324	1.612884
3.576658	1.701734
3.579991	1.682945
3.583324	1.596962
3.586658	1.701097
3.589991	1.675939
3.593324	1.679442
3.596658	1.661927
3.599991	1.667341
3.603324	1.645685
3.606658	1.733898
3.609991	1.675302
3.613324	1.706829
3.616658	1.637087
3.619991	1.681353
3.623324	1.782304
3.626658	1.762241
3.629991	1.725300
3.633324	1.635813
3.636658	1.613840
3.639991	1.675620
3.643324	1.598235
3.646658	1.658105
3.649991	1.710014
3.653324	1.753961
3.656658	1.691862
3.659991	1.662564
3.663324	1.612247
3.666657	1.746955
3.669991	1.635495
3.673324	1.662882
3.676657	1.668614
3.679991	1.774342
3.683324	1.713517
3.686657	1.611929
3.689991	1.716064
3.693324	1.673391
3.696657	1.671799
3.699991	1.709377
3.703324	1.679760
3.706657	1.726892
3.709991	1.717657
3.713324	1.683263
3.716657	1.636132
3.719991	1.686766
3.723324	1.625304
3.726657	1.701097
3.729991	1.714472
3.733324	1.596962
3.736657	1.629763
3.739991	1.688677
3.743324	1.631355
3.746657	1.696957
3.749991	1.710651
3.753324	1.714791
3.756657	1.727210
3.759991	1.669570
3.763324	1.576262
3.766657	1.705237
3.769991	1.598872
3.773324	1.629126
3.776657	1.741859
3.779991	1.684537
3.783324	1.522443
3.786657	1.726892
3.789991	1.657787
3.793324	1.726574
3.796657	1.696639
3.799990	1.667659
3.803324	1.687722
3.806657	1.630718
3.809990	1.644412
3.813324	1.464165
3.816657	1.733580
3.819990	1.489323
3.823324	1.654602
3.826657	1.748866
3.829990	1.653328
3.833324	1.687403
3.836657	1.677213
3.839990	1.743452
3.843324	1.730713
3.846657	1.666067
3.849990	1.666704
3.853324	1.663201
3.856657	1.632310
3.859990	1.711288
3.863324	1.679760
3.866657	1.616706
3.869990	1.568937
3.873324	1.405250
3.876657	1.543461
3.879990	1.697276
3.883324	1.737083
3.886657	1.660653
3.889990	1.698549
3.893324	1.659698
3.896657	1.706829
3.899990	1.698231
3.903324	1.677531
3.906657	1.718294
3.909990	1.756190
3.913324	1.692817
3.916657	1.642182
3.919990	1.722752
3.923324	1.681671
3.926657	1.564797
3.929990	1.627215
3.933323	1.689633
3.936657	1.695683
3.939990	1.689951
3.943323	1.687403
3.946657	1.739630
3.949990	1.628807
3.953323	1.662245
3.956657	1.603649
3.959990	1.543142
3.963323	1.651418
3.966657	1.773705
3.969990	1.657150
3.973323	1.713198
3.976657	1.695683
3.979990	1.584860
3.983323	1.671162
3.986657	1.635813
3.989990	1.666704
3.993323	1.677850
3.996657	1.681990
3.999990	1.587408
4.003323	1.731987
4.006657	1.610337
4.009990	1.700142
4.013323	1.633584
4.016657	1.684219
4.019990	1.712880
4.023323	1.650144
4.026657	1.697912
4.029990	1.758738
4.033323	1.719249
4.036657	1.607471
4.039990	1.654602
4.043323	1.579446
4.046657	1.676894
4.049990	1.668614
4.053323	1.727529
4.056657	1.692817
4.059990	1.668614
4.063323	1.651736
4.066656	1.743770
4.069990	1.755235
4.073323	1.603331
4.076656	1.700779
4.079990	1.669888
4.083323	1.771476
4.086656	1.710969
4.089990	1.674984
4.093323	1.746636
4.096656	1.638998
4.099990	1.603968
4.103323	1.668933
4.106656	1.599509
4.109990	1.646641
4.113323	1.702371
4.116656	1.624030
4.119990	1.675939
4.123323	1.531678
4.126656	1.672436
4.129990	1.584542
4.133323	1.638361
4.136656	1.576580
4.139990	1.658742
4.143323	1.701097
4.146656	1.595688
4.149990	1.703645
4.153323	1.576262
4.156656	1.683582
4.159990	1.737401
4.163323	1.713198
4.166656	1.700460
4.169990	1.512252
4.173323	1.576899
4.176656	1.705237
4.179990	1.709058
4.183323	1.659698
4.186656	1.485820
4.189990	1.781667
4.193323	1.549511
4.196656	1.680079
4.199990	1.682945
4.203323	1.701734
4.206656	1.575943
4.209989	1.679123
4.213323	1.632629
4.216656	1.556199
4.219989	1.685811
4.223323	1.779437
4.226656	1.690588
4.229989	1.724663
4.233323	1.608744
4.236656	1.653010
4.239989	1.724344
4.243323	1.741223
4.246656	1.740586
4.249989	1.674665
4.253323	1.709695
4.256656	1.735809
4.259989	1.746318
4.263323	1.718931
4.266656	1.522124
4.269989	1.551104
4.273323	1.660653
4.276656	1.660653
4.279989	1.709695
4.283323	1.719249
4.286656	1.766062
4.289989	1.612247
4.293323	1.522761
4.296656	1.690269
4.299989	1.752369
4.303323	1.717657
4.306656	1.741859
4.309989	1.596962
4.313323	1.723707
4.316656	1.663838
4.319989	1.666704
4.323323	1.687085
4.326656	1.708422
4.329989	1.529130
4.333322	1.700779
4.336656	1.739312
4.339989	1.560976
4.343322	1.544735
4.346656	1.718294
4.349989	1.656513
4.353322	1.641546
4.356656	1.671799
4.359989	1.627852
4.363322	1.635176
4.366656	1.656513
4.369989	1.604286
4.373322	1.682308
4.376656	1.546645
4.379989	1.704600
4.383322	1.629444
4.386656	1.613840
4.389989	1.431045
4.393322	1.546645
4.396656	1.644093
4.399989	1.673073
4.403322	1.667341
4.406656	1.550148
4.409989	1.449198
4.413322	1.565434
4.416656	1.577854
4.419989	1.584542
4.423322	1.693136
4.426656	1.680397
4.429989	1.738038
4.433322	1.680079
4.436656	1.726255
4.439989	1.705874
4.443322	1.688677
4.446656	1.660334
4.449989	1.647596
4.453322	1.717657
4.456656	1.696957
4.459989	1.691862
4.463322	1.614158
4.466655	1.748547
4.469989	1.534226
4.473322	1.631992
4.476655	1.678487
4.479989	1.673391
4.483322	1.603968
4.486655	1.688040
4.489989	1.750458
4.493322	1.581357
4.496655	1.430090
4.499989	1.712880
4.503322	1.677850
4.506655	1.655558
4.509989	1.677850
4.513322	1.762559
4.516655	1.516392
4.519989	1.636132
4.523322	1.552378
4.526655	1.743133
4.529989	1.588045
4.533322	1.558747
4.536655	1.726892
4.539989	1.669888
4.543322	1.628170
4.546655	1.558428
4.549989	1.659061
4.553322	1.708422
4.556655	1.647596
4.559989	1.582631
4.563322	1.684219
4.566655	1.781348
4.569989	1.672436
4.573322	1.678168
4.576655	1.606197
4.579989	1.647915
4.583322	1.764788
4.586655	1.690269
4.589989	1.357800
4.593322	1.682626
4.596655	1.753642
4.599988	1.613840
4.603322	1.713835
4.606655	1.673391
4.609988	1.700142
4.613322	1.681990
4.616655	1.696320
4.619988	1.679760
4.623322	1.716701
4.626655	1.764470
4.629988	1.502380
4.633322	1.710969
4.636655	1.739949
4.639988	1.716064
4.643322	1.709058
4.646655	1.720204
4.649988	1.707466
4.653322	1.663201
4.656655	1.689951
4.659988	1.704600
4.663322	1.672436
4.666655	1.724981
4.669988	1.592822
4.673322	1.618935
4.676655	1.638679
4.679988	1.457796
4.683322	1.520213
4.686655	1.717975
4.689988	1.670525
4.693322	1.680397
4.696655	1.658424
4.699988	1.711925
4.703322	1.773705
4.706655	1.673391
4.709988	1.707785
4.713322	1.696957
4.716655	1.575306
4.719988	1.757782
4.723322	1.727529
4.726655	1.646641
4.729988	1.664156
4.733321	1.688040
4.736655	1.723389
4.739988	1.658105
4.743321	1.578810
4.746655	1.729758
4.749988	1.626897
4.753321	1.704918
4.756655	1.716701
4.759988	1.622120
4.763321	1.714154
4.766655	1.635176
4.769988	1.708422
4.773321	1.716064
4.776655	1.528812
4.779988	1.706511
4.783321	1.698549
4.786655	1.705555
4.789988	1.647596
4.793321	1.645685
4.796655	1.716701
4.799988	1.704282
4.803321	1.719568
4.806655	1.639953
4.809988	1.611929
4.813321	1.711606
4.816655	1.707466
4.819988	1.663519
4.823321	1.611929
4.826655	1.765744
4.829988	1.607152
4.833321	1.705555
4.836655	1.700142
4.839988	1.648552
4.843321	1.643456
4.846655	1.742815
4.849988	1.671799
4.853321	1.660971
4.856655	1.684856
4.859988	1.571485
4.863321	1.592185
4.866655	1.749502
4.869988	1.645685
4.873321	1.598554
4.876654	1.610655
4.879988	1.730395
4.883321	1.645367
4.886654	1.681671
4.889988	1.689633
4.893321	1.540276
4.896654	1.715109
4.899988	1.708422
4.903321	1.619890
4.906654	1.659061
4.909988	1.632947
4.913321	1.467986
4.916654	1.570211
4.919988	1.683900
4.923321	1.705555
4.926654	1.662882
4.929988	1.674984
4.933321	1.662245
4.936654	1.615114
4.939988	1.643775
4.943321	1.588682
4.946654	1.695683
4.949988	1.713198
4.953321	1.610974
4.956654	1.697276
4.959988	1.592503
4.963321	1.563524
4.966654	1.622757
4.969988	1.699186
4.973321	1.677531
4.976654	1.685493
4.979988	1.701415
4.983321	1.708103
4.986654	1.641546
4.989988	1.671480
4.993321	1.440918
4.996654	1.696957

