LabVIEW Measurement	
Writer_Version	2
Reader_Version	2
Separator	Tab
Decimal_Separator	.
Multi_Headings	Yes
X_Columns	One
Time_Pref	Absolute
Operator	labuser
Date	2019/05/16
Time	10:53:58.158709024999919809
***End_of_Header***	
	
Channels	1	
Samples	1500	
Date	2019/05/16	
Time	11:08:15.1884034249999044334	
Y_Unit_Label	Volts	
X_Dimension	Time	
X0	0.0000000000000000E+0	
Delta_X	0.003333	
***End_of_Header***		
X_Value	Voltage	Comment
0.000000	1.307484
0.003333	1.427542
0.006667	1.408117
0.010000	1.509067
0.013333	1.405887
0.016667	1.347610
0.020000	1.592185
0.023333	1.685174
0.026667	1.589956
0.030000	1.510660
0.033333	1.461299
0.036667	1.577854
0.040000	1.400155
0.043333	1.625623
0.046667	1.566071
0.050000	1.602057
0.053333	1.560976
0.056667	1.530404
0.060000	1.572440
0.063333	1.463847
0.066666	1.444739
0.070000	1.372131
0.073333	1.522443
0.076666	1.410983
0.080000	1.519577
0.083333	1.316401
0.086666	1.536773
0.090000	1.407480
0.093333	1.675302
0.096666	1.428816
0.100000	1.353979
0.103333	1.379455
0.106666	1.650781
0.110000	1.546645
0.113333	1.605241
0.116666	1.464165
0.120000	1.689314
0.123333	1.674028
0.126666	1.653328
0.130000	1.658742
0.133333	1.300160
0.136666	1.378819
0.140000	1.568937
0.143333	1.661608
0.146666	1.556518
0.150000	1.679760
0.153333	1.756190
0.156666	1.745999
0.160000	1.543461
0.163333	1.473400
0.166666	1.514163
0.170000	1.574988
0.173333	1.699823
0.176666	1.550148
0.180000	1.627215
0.183333	1.439325
0.186666	1.625304
0.190000	1.467668
0.193333	1.511615
0.196666	1.495374
0.199999	1.503972
0.203333	1.329458
0.206666	1.514163
0.209999	1.397607
0.213333	1.524672
0.216666	1.525946
0.219999	1.486139
0.223333	1.388372
0.226666	1.480725
0.229999	1.644412
0.233333	1.528812
0.236666	1.529449
0.239999	1.410664
0.243333	1.298567
0.246666	1.471171
0.249999	1.470216
0.253333	1.490278
0.256666	1.611292
0.259999	1.631036
0.263333	1.505564
0.266666	1.400474
0.269999	1.519577
0.273333	1.505883
0.276666	1.304618
0.279999	1.576262
0.283333	1.727210
0.286666	1.574351
0.289999	1.417352
0.293333	1.456840
0.296666	1.610655
0.299999	1.634858
0.303333	1.518621
0.306666	1.383914
0.309999	1.682626
0.313333	1.568300
0.316666	1.528175
0.319999	1.353342
0.323333	1.616069
0.326666	1.540913
0.329999	1.521487
0.333332	1.522761
0.336666	1.632310
0.339999	1.655876
0.343332	1.603012
0.346666	1.693136
0.349999	1.671162
0.353332	1.612566
0.356666	1.541868
0.359999	1.480725
0.363332	1.662245
0.366666	1.594732
0.369999	1.584860
0.373332	1.648870
0.376666	1.509067
0.379999	1.467668
0.383332	1.324362
0.386666	1.585816
0.389999	1.687085
0.393332	1.569256
0.396666	1.481043
0.399999	1.630718
0.403332	1.531678
0.406666	1.318312
0.409999	1.371176
0.413332	1.618298
0.416666	1.549830
0.419999	1.503017
0.423332	1.423084
0.426666	1.437096
0.429999	1.638679
0.433332	1.552059
0.436666	1.313216
0.439999	1.409390
0.443332	1.701415
0.446666	1.519895
0.449999	1.455248
0.453332	1.623393
0.456666	1.562887
0.459999	1.621483
0.463332	1.549511
0.466665	1.488686
0.469999	1.468942
0.473332	1.305255
0.476665	1.444421
0.479999	1.527856
0.483332	1.443147
0.486665	1.407480
0.489999	1.661608
0.493332	1.476903
0.496665	1.572759
0.499999	1.428498
0.503332	1.492189
0.506665	1.541868
0.509999	1.575943
0.513332	1.575625
0.516665	1.576580
0.519999	1.563524
0.523332	1.509386
0.526665	1.657787
0.529999	1.740904
0.533332	1.472445
0.536665	1.480406
0.539999	1.570848
0.543332	1.536773
0.546665	1.539321
0.549999	1.483591
0.553332	1.549511
0.556665	1.537410
0.559999	1.591229
0.563332	1.529449
0.566665	1.614795
0.569999	1.466076
0.573332	1.625304
0.576665	1.482954
0.579999	1.328502
0.583332	1.481043
0.586665	1.412256
0.589999	1.558428
0.593332	1.460025
0.596665	1.624986
0.599998	1.637406
0.603332	1.599191
0.606665	1.504609
0.609998	1.660971
0.613332	1.736127
0.616665	1.657787
0.619998	1.467031
0.623332	1.503972
0.626665	1.677850
0.629998	1.638679
0.633332	1.619572
0.636665	1.470216
0.639998	1.660653
0.643332	1.670207
0.646665	1.375952
0.649998	1.422766
0.653332	1.451427
0.656665	1.479769
0.659998	1.396971
0.663332	1.475948
0.666665	1.377863
0.669998	1.503335
0.673332	1.380092
0.676665	1.571803
0.679998	1.433912
0.683332	1.376589
0.686665	1.381366
0.689998	1.359711
0.693332	1.347928
0.696665	1.369583
0.699998	1.607789
0.703332	1.510341
0.706665	1.515118
0.709998	1.552696
0.713332	1.451427
0.716665	1.559702
0.719998	1.419263
0.723332	1.584223
0.726665	1.434230
0.729998	1.630400
0.733331	1.450790
0.736665	1.517984
0.739998	1.603649
0.743331	1.636132
0.746665	1.470534
0.749998	1.372449
0.753331	1.421173
0.756665	1.494100
0.759998	1.324999
0.763331	1.470216
0.766665	1.632629
0.769998	1.559065
0.773331	1.628807
0.776665	1.350794
0.779998	1.366399
0.783331	1.575625
0.786665	1.410027
0.789998	1.627852
0.793331	1.463210
0.796665	1.267677
0.799998	1.473719
0.803331	1.321496
0.806665	1.336145
0.809998	1.589000
0.813331	1.456840
0.816665	1.333916
0.819998	1.328502
0.823331	1.512889
0.826665	1.536773
0.829998	1.493145
0.833331	1.649189
0.836665	1.446650
0.839998	1.410983
0.843331	1.638679
0.846665	1.601738
0.849998	1.503972
0.853331	1.652692
0.856665	1.482635
0.859998	1.547919
0.863331	1.382322
0.866664	1.678805
0.869998	1.605560
0.873331	1.624986
0.876664	1.357482
0.879998	1.548238
0.883331	1.488686
0.886664	1.543779
0.889998	1.509704
0.893331	1.310669
0.896664	1.458751
0.899998	1.429772
0.903331	1.600465
0.906664	1.494737
0.909998	1.386461
0.913331	1.557473
0.916664	1.356527
0.919998	1.407798
0.923331	1.477859
0.926664	1.540276
0.929998	1.472763
0.933331	1.493145
0.936664	1.681990
0.939998	1.724981
0.943331	1.416715
0.946664	1.474356
0.949998	1.368309
0.953331	1.622120
0.956664	1.547919
0.959998	1.405887
0.963331	1.444421
0.966664	1.500151
0.969998	1.357800
0.973331	1.446650
0.976664	1.424995
0.979998	1.479132
0.983331	1.517666
0.986664	1.333916
0.989998	1.467668
0.993331	1.397289
0.996664	1.596006
0.999997	1.617980
1.003331	1.600465
1.006664	1.342196
1.009997	1.694091
1.013331	1.614158
1.016664	1.434230
1.019997	1.490915
1.023331	1.511934
1.026664	1.572440
1.029997	1.476903
1.033331	1.534226
1.036664	1.455567
1.039997	1.603331
1.043331	1.626897
1.046664	1.467986
1.049997	1.563524
1.053331	1.713198
1.056664	1.642182
1.059997	1.432001
1.063331	1.538365
1.066664	1.470853
1.069997	1.552378
1.073331	1.507794
1.076664	1.515118
1.079997	1.644730
1.083331	1.561613
1.086664	1.503017
1.089997	1.396652
1.093331	1.375952
1.096664	1.551741
1.099997	1.538684
1.103331	1.596325
1.106664	1.545372
1.109997	1.293472
1.113331	1.344425
1.116664	1.481680
1.119997	1.566071
1.123331	1.343151
1.126664	1.542187
1.129997	1.460980
1.133331	1.520213
1.136664	1.509386
1.139997	1.600465
1.143330	1.565434
1.146664	1.380411
1.149997	1.434867
1.153330	1.434867
1.156664	1.580402
1.159997	1.539639
1.163330	1.622438
1.166664	1.663519
1.169997	1.428816
1.173330	1.434867
1.176664	1.523716
1.179997	1.362259
1.183330	1.353342
1.186664	1.474993
1.189997	1.451427
1.193330	1.503335
1.196664	1.469260
1.199997	1.282326
1.203330	1.543142
1.206664	1.530404
1.209997	1.563205
1.213330	1.573077
1.216664	1.636132
1.219997	1.358119
1.223330	1.434548
1.226664	1.606515
1.229997	1.534226
1.233330	1.467668
1.236664	1.377226
1.239997	1.596962
1.243330	1.453337
1.246664	1.453656
1.249997	1.415441
1.253330	1.651099
1.256664	1.601738
1.259997	1.536455
1.263330	1.424995
1.266663	1.731987
1.269997	1.367673
1.273330	1.479451
1.276663	1.578810
1.279997	1.494100
1.283330	1.466076
1.286663	1.367991
1.289997	1.256213
1.293330	1.451427
1.296663	1.492826
1.299997	1.541868
1.303330	1.576580
1.306663	1.594095
1.309997	1.553014
1.313330	1.520850
1.316663	1.377226
1.319997	1.327228
1.323330	1.631355
1.326663	1.500469
1.329997	1.538047
1.333330	1.519577
1.336663	1.422447
1.339997	1.429772
1.343330	1.461299
1.346663	1.478496
1.349997	1.493463
1.353330	1.693772
1.356663	1.634858
1.359997	1.540595
1.363330	1.299523
1.366663	1.360348
1.369997	1.514163
1.373330	1.498558
1.376663	1.537410
1.379997	1.618298
1.383330	1.534226
1.386663	1.639316
1.389997	1.439325
1.393330	1.490915
1.396663	1.567664
1.399996	1.611292
1.403330	1.530086
1.406663	1.631992
1.409996	1.567664
1.413330	1.397926
1.416663	1.495374
1.419996	1.355253
1.423330	1.553333
1.426663	1.574033
1.429996	1.372449
1.433330	1.337101
1.436663	1.326910
1.439996	1.444739
1.443330	1.431682
1.446663	1.491234
1.449996	1.535818
1.453330	1.564479
1.456663	1.544416
1.459996	1.405887
1.463330	1.609700
1.466663	1.690588
1.469996	1.544098
1.473330	1.330413
1.476663	1.468942
1.479996	1.369902
1.483330	1.379137
1.486663	1.399200
1.489996	1.706511
1.493330	1.574033
1.496663	1.439007
1.499996	1.432956
1.503330	1.586452
1.506663	1.578173
1.509996	1.581357
1.513330	1.324044
1.516663	1.558747
1.519996	1.430409
1.523330	1.527856
1.526663	1.472126
1.529996	1.307803
1.533330	1.443147
1.536663	1.664156
1.539996	1.482635
1.543329	1.414486
1.546663	1.604286
1.549996	1.609700
1.553329	1.614477
1.556663	1.374360
1.559996	1.527219
1.563329	1.516710
1.566663	1.376271
1.569996	1.484865
1.573329	1.605878
1.576663	1.518940
1.579996	1.643138
1.583329	1.393468
1.586663	1.597598
1.589996	1.596962
1.593329	1.479132
1.596663	1.428179
1.599996	1.445058
1.603329	1.655876
1.606663	1.420536
1.609996	1.653965
1.613329	1.542824
1.616663	1.618617
1.619996	1.550785
1.623329	1.523080
1.626663	1.455567
1.629996	1.367036
1.633329	1.638043
1.636663	1.545690
1.639996	1.617980
1.643329	1.577854
1.646663	1.316719
1.649996	1.483591
1.653329	1.523716
1.656663	1.527538
1.659996	1.559702
1.663329	1.392512
1.666662	1.358437
1.669996	1.484546
1.673329	1.400792
1.676662	1.626897
1.679996	1.650144
1.683329	1.476903
1.686662	1.406524
1.689996	1.635176
1.693329	1.545690
1.696662	1.515755
1.699996	1.543142
1.703329	1.436141
1.706662	1.410664
1.709996	1.578810
1.713329	1.659698
1.716662	1.569256
1.719996	1.425313
1.723329	1.614158
1.726662	1.447605
1.729996	1.589637
1.733329	1.421173
1.736662	1.361622
1.739996	1.536136
1.743329	1.508431
1.746662	1.525946
1.749996	1.468305
1.753329	1.660334
1.756662	1.542187
1.759996	1.576262
1.763329	1.393468
1.766662	1.629126
1.769996	1.484228
1.773329	1.391557
1.776662	1.502380
1.779996	1.356845
1.783329	1.567664
1.786662	1.541868
1.789996	1.588363
1.793329	1.653010
1.796662	1.585816
1.799995	1.534226
1.803329	1.607789
1.806662	1.617343
1.809995	1.478177
1.813329	1.458433
1.816662	1.518621
1.819995	1.542187
1.823329	1.586452
1.826662	1.364169
1.829995	1.434867
1.833329	1.470853
1.836662	1.475629
1.839995	1.458114
1.843329	1.414804
1.846662	1.467986
1.849995	1.520850
1.853329	1.372768
1.856662	1.599828
1.859995	1.579446
1.863329	1.459707
1.866662	1.545690
1.869995	1.443784
1.873329	1.476585
1.876662	1.552696
1.879995	1.614477
1.883329	1.486775
1.886662	1.510978
1.889995	1.659698
1.893329	1.557473
1.896662	1.499832
1.899995	1.474356
1.903329	1.649507
1.906662	1.599509
1.909995	1.460980
1.913329	1.526264
1.916662	1.399518
1.919995	1.398563
1.923329	1.444421
1.926662	1.501106
1.929995	1.530404
1.933329	1.502380
1.936662	1.546964
1.939995	1.483909
1.943328	1.506520
1.946662	1.438370
1.949995	1.619254
1.953328	1.597280
1.956662	1.364169
1.959995	1.423402
1.963328	1.671480
1.966662	1.647596
1.969995	1.533270
1.973328	1.445376
1.976662	1.661927
1.979995	1.562568
1.983328	1.586771
1.986662	1.512570
1.989995	1.458433
1.993328	1.579765
1.996662	1.581357
1.999995	1.587089
2.003328	1.490915
2.006662	1.411301
2.009995	1.526264
2.013328	1.626897
2.016662	1.339011
2.019995	1.584223
2.023328	1.602694
2.026662	1.533907
2.029995	1.335190
2.033328	1.521169
2.036662	1.630400
2.039995	1.608744
2.043328	1.563205
2.046662	1.585816
2.049995	1.663519
2.053328	1.574988
2.056662	1.580402
2.059995	1.585497
2.063328	1.693454
2.066661	1.577854
2.069995	1.531041
2.073328	1.460980
2.076661	1.596962
2.079995	1.553333
2.083328	1.601420
2.086661	1.611292
2.089995	1.617024
2.093328	1.499832
2.096661	1.396015
2.099995	1.396015
2.103328	1.591866
2.106661	1.472126
2.109995	1.572440
2.113328	1.427861
2.116661	1.625623
2.119995	1.359393
2.123328	1.396652
2.126661	1.417033
2.129995	1.559384
2.133328	1.526901
2.136661	1.458751
2.139995	1.531678
2.143328	1.310669
2.146661	1.577536
2.149995	1.601420
2.153328	1.399518
2.156661	1.449516
2.159995	1.707466
2.163328	1.597917
2.166661	1.389328
2.169995	1.531359
2.173328	1.595369
2.176661	1.401111
2.179995	1.566708
2.183328	1.621801
2.186661	1.477222
2.189995	1.518940
2.193328	1.645367
2.196661	1.585497
2.199994	1.544098
2.203328	1.481043
2.206661	1.573396
2.209994	1.486139
2.213328	1.438052
2.216661	1.689633
2.219994	1.545372
2.223328	1.504291
2.226661	1.473400
2.229994	1.461299
2.233328	1.625304
2.236661	1.517984
2.239994	1.627852
2.243328	1.585179
2.246661	1.320222
2.249994	1.353023
2.253328	1.342196
2.256661	1.471171
2.259994	1.413530
2.263328	1.337419
2.266661	1.594732
2.269994	1.670207
2.273328	1.643138
2.276661	1.439644
2.279994	1.666704
2.283328	1.630081
2.286661	1.437415
2.289994	1.663838
2.293328	1.686130
2.296661	1.686766
2.299994	1.643138
2.303328	1.642819
2.306661	1.564160
2.309994	1.438688
2.313328	1.646004
2.316661	1.415123
2.319994	1.535818
2.323328	1.344425
2.326661	1.502061
2.329994	1.532952
2.333327	1.378500
2.336661	1.470216
2.339994	1.557154
2.343327	1.614477
2.346661	1.679442
2.349994	1.563205
2.353327	1.516710
2.356661	1.382640
2.359994	1.301433
2.363327	1.458433
2.366661	1.557473
2.369994	1.416078
2.373327	1.531359
2.376661	1.610018
2.379994	1.683263
2.383327	1.572759
2.386661	1.561613
2.389994	1.591548
2.393327	1.347610
2.396661	1.470216
2.399994	1.447287
2.403327	1.556199
2.406661	1.571803
2.409994	1.395378
2.413327	1.470853
2.416661	1.490278
2.419994	1.522124
2.423327	1.612884
2.426661	1.498877
2.429994	1.551741
2.433327	1.403340
2.436661	1.371812
2.439994	1.471808
2.443327	1.348565
2.446661	1.674028
2.449994	1.570211
2.453327	1.627215
2.456661	1.537729
2.459994	1.562887
2.463327	1.542505
2.466660	1.643138
2.469994	1.352068
2.473327	1.291880
2.476660	1.360666
2.479994	1.296338
2.483327	1.562568
2.486660	1.371176
2.489994	1.446650
2.493327	1.467986
2.496660	1.566390
2.499994	1.603968
2.503327	1.598235
2.506660	1.626578
2.509994	1.596006
2.513327	1.371812
2.516660	1.579128
2.519994	1.595688
2.523327	1.510023
2.526660	1.589956
2.529994	1.620846
2.533327	1.590274
2.536660	1.462891
2.539994	1.348565
2.543327	1.586134
2.546660	1.433275
2.549994	1.399200
2.553327	1.408117
2.556660	1.548238
2.559994	1.489005
2.563327	1.732624
2.566660	1.396652
2.569994	1.527219
2.573327	1.636450
2.576660	1.441555
2.579994	1.380729
2.583327	1.524035
2.586660	1.609381
2.589994	1.431364
2.593327	1.580720
2.596660	1.398563
2.599994	1.557473
2.603327	1.626578
2.606660	1.350794
2.609993	1.517666
2.613327	1.441555
2.616660	1.511615
2.619993	1.419581
2.623327	1.555881
2.626660	1.571803
2.629993	1.433912
2.633327	1.507157
2.636660	1.360348
2.639993	1.391238
2.643327	1.464802
2.646660	1.618617
2.649993	1.517347
2.653327	1.506520
2.656660	1.518621
2.659993	1.486457
2.663327	1.528812
2.666660	1.646322
2.669993	1.457159
2.673327	1.563524
2.676660	1.532315
2.679993	1.592503
2.683327	1.451427
2.686660	1.523398
2.689993	1.628170
2.693327	1.453974
2.696660	1.480406
2.699993	1.370539
2.703327	1.639953
2.706660	1.556518
2.709993	1.524035
2.713327	1.398244
2.716660	1.394741
2.719993	1.459388
2.723327	1.420536
2.726660	1.342514
2.729993	1.420855
2.733326	1.500151
2.736660	1.385506
2.739993	1.570211
2.743326	1.535818
2.746660	1.374360
2.749993	1.411301
2.753326	1.541550
2.756660	1.497603
2.759993	1.533589
2.763326	1.591229
2.766660	1.655558
2.769993	1.352387
2.773326	1.608744
2.776660	1.514163
2.779993	1.571485
2.783326	1.660334
2.786660	1.506201
2.789993	1.562568
2.793326	1.561294
2.796660	1.532952
2.799993	1.552059
2.803326	1.634221
2.806660	1.487094
2.809993	1.552059
2.813326	1.512570
2.816660	1.491871
2.819993	1.492508
2.823326	1.556199
2.826660	1.503335
2.829993	1.505883
2.833326	1.652055
2.836660	1.637087
2.839993	1.419581
2.843326	1.464165
2.846660	1.407480
2.849993	1.462891
2.853326	1.543779
2.856660	1.468305
2.859993	1.359393
2.863326	1.407798
2.866659	1.577536
2.869993	1.403021
2.873326	1.522124
2.876659	1.564160
2.879993	1.476585
2.883326	1.289332
2.886659	1.324681
2.889993	1.402066
2.893326	1.652692
2.896659	1.545690
2.899993	1.554288
2.903326	1.339967
2.906659	1.346973
2.909993	1.494737
2.913326	1.372131
2.916659	1.522761
2.919993	1.407798
2.923326	1.481680
2.926659	1.607152
2.929993	1.650462
2.933326	1.367354
2.936659	1.579446
2.939993	1.607471
2.943326	1.485502
2.946659	1.507157
2.949993	1.508112
2.953326	1.513844
2.956659	1.653328
2.959993	1.613521
2.963326	1.563524
2.966659	1.342833
2.969993	1.425313
2.973326	1.666704
2.976659	1.497921
2.979993	1.635495
2.983326	1.446013
2.986659	1.570530
2.989993	1.436459
2.993326	1.549511
2.996659	1.514163
2.999992	1.368309
3.003326	1.601420
3.006659	1.673391
3.009992	1.394104
3.013326	1.609063
3.016659	1.617980
3.019992	1.694728
3.023326	1.412893
3.026659	1.690269
3.029992	1.653010
3.033326	1.470534
3.036659	1.448879
3.039992	1.424676
3.043326	1.441555
3.046659	1.632629
3.049992	1.431045
3.053326	1.463847
3.056659	1.652692
3.059992	1.539639
3.063326	1.565434
3.066659	1.545372
3.069992	1.336782
3.073326	1.524672
3.076659	1.496011
3.079992	1.498877
3.083326	1.612884
3.086659	1.624349
3.089992	1.510978
3.093326	1.531678
3.096659	1.553014
3.099992	1.459707
3.103326	1.396334
3.106659	1.273728
3.109992	1.481999
3.113326	1.538047
3.116659	1.414167
3.119992	1.398881
3.123326	1.365443
3.126659	1.500788
3.129992	1.303344
3.133325	1.534862
3.136659	1.625304
3.139992	1.592822
3.143325	1.649507
3.146659	1.638679
3.149992	1.500151
3.153325	1.519258
3.156659	1.478814
3.159992	1.518621
3.163325	1.473082
3.166659	1.508112
3.169992	1.442828
3.173325	1.594732
3.176659	1.643456
3.179992	1.457796
3.183325	1.371176
3.186659	1.346336
3.189992	1.396015
3.193325	1.454930
3.196659	1.535818
3.199992	1.405887
3.203325	1.446650
3.206659	1.437733
3.209992	1.443784
3.213325	1.540276
3.216659	1.505246
3.219992	1.417352
3.223325	1.438052
3.226659	1.354616
3.229992	1.557154
3.233325	1.552059
3.236659	1.370857
3.239992	1.534226
3.243325	1.616706
3.246659	1.424676
3.249992	1.469897
3.253325	1.640909
3.256659	1.603331
3.259992	1.372768
3.263325	1.410346
3.266658	1.439325
3.269992	1.589000
3.273325	1.590274
3.276658	1.448561
3.279992	1.379774
3.283325	1.654921
3.286658	1.593459
3.289992	1.374997
3.293325	1.529130
3.296658	1.498558
3.299992	1.299204
3.303325	1.524672
3.306658	1.522761
3.309992	1.593459
3.313325	1.415441
3.316658	1.517347
3.319992	1.518621
3.323325	1.583905
3.326658	1.636132
3.329992	1.367354
3.333325	1.553970
3.336658	1.660653
3.339992	1.532315
3.343325	1.528493
3.346658	1.386143
3.349992	1.412893
3.353325	1.520850
3.356658	1.587408
3.359992	1.447605
3.363325	1.519577
3.366658	1.546645
3.369992	1.375634
3.373325	1.590911
3.376658	1.510660
3.379992	1.505246
3.383325	1.531041
3.386658	1.274365
3.389992	1.555881
3.393325	1.625941
3.396658	1.411301
3.399991	1.329139
3.403325	1.588045
3.406658	1.592503
3.409991	1.497285
3.413325	1.355253
3.416658	1.411938
3.419991	1.606197
3.423325	1.466713
3.426658	1.472445
3.429991	1.395697
3.433325	1.532315
3.436658	1.510341
3.439991	1.501106
3.443325	1.348247
3.446658	1.439007
3.449991	1.317038
3.453325	1.566390
3.456658	1.385506
3.459991	1.485820
3.463325	1.650781
3.466658	1.512889
3.469991	1.401429
3.473325	1.438688
3.476658	1.565434
3.479991	1.582631
3.483325	1.521487
3.486658	1.374042
3.489991	1.599509
3.493325	1.683263
3.496658	1.633584
3.499991	1.480088
3.503325	1.645049
3.506658	1.649189
3.509991	1.583905
3.513325	1.409390
3.516658	1.697276
3.519991	1.617024
3.523325	1.348884
3.526658	1.448879
3.529991	1.328502
3.533324	1.563842
3.536658	1.536773
3.539991	1.639953
3.543324	1.341877
3.546658	1.513207
3.549991	1.642182
3.553324	1.603968
3.556658	1.419899
3.559991	1.324681
3.563324	1.517666
3.566658	1.668933
3.569991	1.566071
3.573324	1.481680
3.576658	1.517347
3.579991	1.593777
3.583324	1.470216
3.586658	1.505564
3.589991	1.509704
3.593324	1.584223
3.596658	1.606834
3.599991	1.650781
3.603324	1.539321
3.606658	1.349839
3.609991	1.729758
3.613324	1.692817
3.616658	1.575625
3.619991	1.452701
3.623324	1.560976
3.626658	1.626260
3.629991	1.488686
3.633324	1.536773
3.636658	1.558747
3.639991	1.593459
3.643324	1.573714
3.646658	1.303344
3.649991	1.671799
3.653324	1.704600
3.656658	1.612884
3.659991	1.448561
3.663324	1.550467
3.666657	1.545690
3.669991	1.560657
3.673324	1.565116
3.676657	1.569256
3.679991	1.597917
3.683324	1.556836
3.686657	1.409072
3.689991	1.585497
3.693324	1.652692
3.696657	1.623393
3.699991	1.576262
3.703324	1.516073
3.706657	1.699186
3.709991	1.620527
3.713324	1.575306
3.716657	1.382322
3.719991	1.497921
3.723324	1.615432
3.726657	1.389646
3.729991	1.580402
3.733324	1.446650
3.736657	1.450790
3.739991	1.561294
3.743324	1.624986
3.746657	1.482954
3.749991	1.462573
3.753324	1.408117
3.756657	1.566390
3.759991	1.481362
3.763324	1.361303
3.766657	1.396334
3.769991	1.559065
3.773324	1.392194
3.776657	1.433275
3.779991	1.513207
3.783324	1.491234
3.786657	1.541232
3.789991	1.562887
3.793324	1.562250
3.796657	1.428498
3.799990	1.384869
3.803324	1.528175
3.806657	1.420536
3.809990	1.528493
3.813324	1.411301
3.816657	1.635813
3.819990	1.547919
3.823324	1.576262
3.826657	1.476585
3.829990	1.608744
3.833324	1.382640
3.836657	1.528493
3.839990	1.510978
3.843324	1.430727
3.846657	1.441873
3.849990	1.615114
3.853324	1.447605
3.856657	1.620527
3.859990	1.630718
3.863324	1.580402
3.866657	1.460980
3.869990	1.420855
3.873324	1.550148
3.876657	1.363533
3.879990	1.472763
3.883324	1.525946
3.886657	1.544416
3.889990	1.549193
3.893324	1.681990
3.896657	1.610974
3.899990	1.578491
3.903324	1.576580
3.906657	1.653328
3.909990	1.642501
3.913324	1.657468
3.916657	1.607152
3.919990	1.571167
3.923324	1.621801
3.926657	1.608108
3.929990	1.521169
3.933323	1.617661
3.936657	1.749821
3.939990	1.748866
3.943323	1.599828
3.946657	1.334235
3.949990	1.637406
3.953323	1.649507
3.956657	1.379455
3.959990	1.644412
3.963323	1.680397
3.966657	1.496329
3.969990	1.558747
3.973323	1.673391
3.976657	1.649507
3.979990	1.339648
3.983323	1.464165
3.986657	1.601420
3.989990	1.615751
3.993323	1.404932
3.996657	1.569574
3.999990	1.345699
4.003323	1.549511
4.006657	1.451427
4.009990	1.541550
4.013323	1.570848
4.016657	1.450153
4.019990	1.522443
4.023323	1.452382
4.026657	1.417989
4.029990	1.353023
4.033323	1.478177
4.036657	1.617024
4.039990	1.503972
4.043323	1.564479
4.046657	1.662564
4.049990	1.713835
4.053323	1.581357
4.056657	1.587408
4.059990	1.535818
4.063323	1.518621
4.066656	1.600783
4.069990	1.497603
4.073323	1.372768
4.076656	1.682626
4.079990	1.676894
4.083323	1.443784
4.086656	1.503972
4.089990	1.537410
4.093323	1.705237
4.096656	1.546645
4.099990	1.641864
4.103323	1.537410
4.106656	1.440599
4.109990	1.496966
4.113323	1.658105
4.116656	1.505564
4.119990	1.518940
4.123323	1.506201
4.126656	1.522443
4.129990	1.515118
4.133323	1.705555
4.136656	1.648870
4.139990	1.532315
4.143323	1.498877
4.146656	1.423084
4.149990	1.702689
4.153323	1.623393
4.156656	1.577536
4.159990	1.609381
4.163323	1.665111
4.166656	1.577217
4.169990	1.459388
4.173323	1.509067
4.176656	1.601420
4.179990	1.577217
4.183323	1.502380
4.186656	1.667341
4.189990	1.573077
4.193323	1.542505
4.196656	1.437733
4.199990	1.635495
4.203323	1.618935
4.206656	1.423721
4.209989	1.372449
4.213323	1.644730
4.216656	1.580083
4.219989	1.551104
4.223323	1.654602
4.226656	1.636769
4.229989	1.335827
4.233323	1.537092
4.236656	1.631992
4.239989	1.622757
4.243323	1.563524
4.246656	1.448561
4.249989	1.460025
4.253323	1.489642
4.256656	1.381685
4.259989	1.445376
4.263323	1.452064
4.266656	1.518621
4.269989	1.428179
4.273323	1.553333
4.276656	1.508431
4.279989	1.336782
4.283323	1.412256
4.286656	1.431045
4.289989	1.576262
4.293323	1.358119
4.296656	1.440918
4.299989	1.358437
4.303323	1.443465
4.306656	1.579128
4.309989	1.444739
4.313323	1.381685
4.316656	1.418626
4.319989	1.417352
4.323323	1.553333
4.326656	1.452382
4.329989	1.680397
4.333322	1.660971
4.336656	1.541868
4.339989	1.454930
4.343322	1.419899
4.346656	1.509386
4.349989	1.600146
4.353322	1.570848
4.356656	1.532952
4.359989	1.595688
4.363322	1.379137
4.366656	1.492189
4.369989	1.566390
4.373322	1.560976
4.376656	1.620846
4.379989	1.498877
4.383322	1.615751
4.386656	1.708103
4.389989	1.628807
4.393322	1.503017
4.396656	1.609700
4.399989	1.500151
4.403322	1.467350
4.406656	1.495055
4.409989	1.332642
4.413322	1.469260
4.416656	1.650781
4.419989	1.530404
4.423322	1.403021
4.426656	1.412256
4.429989	1.319267
4.433322	1.434548
4.436656	1.463210
4.439989	1.585816
4.443322	1.666067
4.446656	1.410664
4.449989	1.483272
4.453322	1.492826
4.456656	1.502061
4.459989	1.580402
4.463322	1.488368
4.466655	1.557473
4.469989	1.505564
4.473322	1.425632
4.476655	1.495374
4.479989	1.627852
4.483322	1.505883
4.486655	1.526901
4.489989	1.597280
4.493322	1.502380
4.496655	1.576899
4.499989	1.454930
4.503322	1.594095
4.506655	1.391238
4.509989	1.435822
4.513322	1.465757
4.516655	1.514163
4.519989	1.536136
4.523322	1.559384
4.526655	1.476266
4.529989	1.607789
4.533322	1.378500
4.536655	1.483272
4.539989	1.324999
4.543322	1.396015
4.546655	1.524672
4.549989	1.456204
4.553322	1.494737
4.556655	1.382640
4.559989	1.463528
4.563322	1.574351
4.566655	1.612884
4.569989	1.559384
4.573322	1.293472
4.576655	1.403658
4.579989	1.376908
4.583322	1.449516
4.586655	1.617980
4.589989	1.665111
4.593322	1.740904
4.596655	1.580083
4.599988	1.490915
4.603322	1.518303
4.606655	1.507157
4.609988	1.618617
4.613322	1.706192
4.616655	1.636769
4.619988	1.549193
4.623322	1.494737
4.626655	1.417033
4.629988	1.610655
4.633322	1.680716
4.636655	1.440599
4.639988	1.483591
4.643322	1.617980
4.646655	1.561613
4.649988	1.587089
4.653322	1.394741
4.656655	1.611292
4.659988	1.571485
4.663322	1.402384
4.666655	1.614477
4.669988	1.300160
4.673322	1.566390
4.676655	1.401111
4.679988	1.579128
4.683322	1.442510
4.686655	1.523716
4.689988	1.415760
4.693322	1.293154
4.696655	1.361940
4.699988	1.696639
4.703322	1.632629
4.706655	1.728484
4.709988	1.558747
4.713322	1.715428
4.716655	1.727529
4.719988	1.636450
4.723322	1.644412
4.726655	1.737401
4.729988	1.769247
4.733321	1.625304
4.736655	1.454930
4.739988	1.696957
4.743321	1.614158
4.746655	1.585497
4.749988	1.648552
4.753321	1.631036
4.756655	1.558428
4.759988	1.544735
4.763321	1.367991
4.766655	1.477859
4.769988	1.653010
4.773321	1.678168
4.776655	1.610655
4.779988	1.713198
4.783321	1.618298
4.786655	1.574033
4.789988	1.420536
4.793321	1.564479
4.796655	1.503654
4.799988	1.441236
4.803321	1.705237
4.806655	1.590911
4.809988	1.481999
4.813321	1.589956
4.816655	1.672436
4.819988	1.562250
4.823321	1.386780
4.826655	1.453974
4.829988	1.641864
4.833321	1.594095
4.836655	1.419581
4.839988	1.507794
4.843321	1.647278
4.846655	1.476585
4.849988	1.494737
4.853321	1.301433
4.856655	1.628807
4.859988	1.581994
4.863321	1.416078
4.866655	1.365443
4.869988	1.618935
4.873321	1.467668
4.876654	1.456204
4.879988	1.602694
4.883321	1.553333
4.886654	1.432319
4.889988	1.381685
4.893321	1.354616
4.896654	1.502698
4.899988	1.593140
4.903321	1.634858
4.906654	1.450471
4.909988	1.554607
4.913321	1.362577
4.916654	1.548238
4.919988	1.548556
4.923321	1.619890
4.926654	1.406524
4.929988	1.542187
4.933321	1.530404
4.936654	1.768291
4.939988	1.451427
4.943321	1.587408
4.946654	1.378500
4.949988	1.644730
4.953321	1.589637
4.956654	1.483591
4.959988	1.510660
4.963321	1.386780
4.966654	1.291880
4.969988	1.403658
4.973321	1.411938
4.976654	1.585816
4.979988	1.632947
4.983321	1.364806
4.986654	1.274046
4.989988	1.458433
4.993321	1.558428
4.996654	1.454293

